13 2 1,08 0,107
0,765788684142642
0,76785268901875
0,921640976856108
0,736628456093499
0,689008757908258
0,735829862072963
0,909750583145512
0,781141116765069
0,801737387209718
0,888879944813513
0,888879944813513
0,781608441816549
0,820292532826797
0,921440790994227
0,921440790994227
0,713507875915658
0,688813671662864
0,919475872330921
0,919475872330921
0,947170470395901
0,909750583145512
0,886657615968321
0,886657615968321
0,807903163383301


108 1 1,1 4,629
0,87221039461691
0,899632083568201
0,840182152057442
0,82145200874194
0,848213790017423
0,730395526285314
0,707111121535829
0,87221039461691
0
0
0,840182152057442
0,840182152057442
0,819593722341798
0,84233898869892
0,83400563959396
0,83400563959396
0,83690422235105
0,834449881337147
0,758600624672698
0,758600624672698
0,742043188942867
0,921255129383433
0,917286689224191
0,917286689224191


108 1 1,1 6,017
0,652874677618305
0,703479250354106
0,696500084506386
0,532823149179186
0,545558114591663
0,737370813117879
0,737370813117879
0,713570794510729
0,42826481695943
0,706266314554469
0,745722215869452
0,745722215869452
0,672312583273915
0,677366142538281
0,592747259351046
0,592747259351046
0,584159440883093
0,888938709514723
0,905107919964368
0,905107919964368
0
0
0,652874677618305
0,652874677618305


302 2 0,97 5,303
0,878502999022639
0,878502999022639
0,937036871199926
0,937036871199926
0,917832732456294
0,917832732456294
0,892742152212393
0,892742152212393
0,92990658582591
0,92990658582591
0,80770048499839
0,818525937147788
0,872048469872083
0,872048469872083
0,886344261404328
0,91060413734366
0,915322600116661
0,915322600116661
0,894966830648737
0,903097578881567
0,944266633164804
0,944266633164804
0,943670120407653
0,884753068668449


98 2 0,9 0,396
0,910383662795852
0,910383662795852
0,899022772368091
0,899022772368091
0,863820285457273
0,863820285457273
0,885290730414894
0,885290730414894
0,848040348998056
0,823540116270733
0,908401482853773
0,875348495189342
0,875348495189342
0,888375911222527
0,783400494198736
0,916053504644218
0,916053504644218
0,961781963256492
0,809197323407675
0,861913888049765
0,861913888049765
0,834608158640745
0,848017497429708
0,848040348998056


98 2 0,9 1,886
0,908368946786101
0,908368946786101
0,87818599372557
0,87818599372557
0,891246687068836
0,891246687068836
0,91878783728831
0,91878783728831
0,874128175967358
0,900127699569215
0,779717756211585
0,779717756211585
0,904586507054858
0,959808371704953
0,809175888023143
0,809175888023143
0,850881903892184
0,809729206793776
0,849742595310679
0,849742595310679
0,849906007790263
0,833030997263115
0,923904227265802
0,923904227265802


98 2 0,9 2,712
0,92214298163926
0,890181110764265
0,890181110764265
0,873818394780356
0,873818394780356
0,922101211903492
0,922101211903492
0,92214298163926
0,812064828029731
0,812064828029731
0,9292107654978
0,963276724770217
0,828777284569265
0,828777284569265
0,871402461142084
0,844957429960821
0,875178433611569
0,875178433611569
0,860717937077891
0,844813720831048
0,924352440846683
0,924352440846683
0,874268462728605
0,891087596023245


176 2 0,93 5,775
0,9108656270952
0,868338828202961
0,868338828202961
0,870056553839845
0,870056553839845
0,902817097875933
0,902817097875933
0,9108656270952
0,855625267999772
0,855625267999772
0,842261570271056
0,872030622337359
0,923737450449905
0,923737450449905
0,820409133132182
0,874459727022708
0,869396908519341
0,869396908519341
0,859600383557419
0,872744627538925
0,860957186060936
0,860957186060936
0,886849021186187
0,830531767409745


330 2 0,99 4,348
0,867631614684189
0,909078759235197
0,909078759235197
0,943774113736319
0,943774113736319
0,895388372912931
0,895388372912931
0,867631614684189
0,874310096157959
0,858330005018891
0,858330005018891
0,894391642128294
0,927425210786637
0,880109531557553
0,880109531557553
0,834233641560239
0,89150691148001
0,90788953612643
0,90788953612643
0,813504184605597
0,848676471565767
0,933452694620453
0,933452694620453
0,950872165110368


369 2 0,96 3,511
0,916222023127389
0,916222023127389
0,868252574988589
0,868252574988589
0,913545158318573
0,913545158318573
0,900762485924849
0,900762485924849
0,882868800197131
0,773888332453105
0,913057243736463
0,913057243736463
0,875091797048062
0,886812097107883
0,839229656868539
0,839229656868539
0,867304842035227
0,890563026659647
0,954746745021692
0,954746745021692
0,863741677630222
0,905641183402044
0,902514435398513
0,902514435398513


522 2 1,09 0,907
0,808807137829212
0,763188634531223
0,830919278102384
0,897919762895692
0,905993298292051
0,738971475508583
0,775826093268006
0,865771602823565
0,838485839119039
0,876529260139604
0,821408865034055
0,839433527252147
0,839433527252147
0,799004184197237
0,85227130806819
0,812987124046186
0,812987124046186
0,84624424822112
0,738971475508583
0,858641295188393
0,858641295188393
0,859583525543348
0,903216246573294
0,838485839119039


720 2 1,03 4,498
0,88793835047214
0,60721418490027
0,605383110888401
0,752724787556721
0,757824497179237
0,744520476990687
0,801481316964094
0,62000422836838
0,88793835047214
0,83058121968021
0,931655212867844
0,931655212867844
0,574894283869183
0,745316615742189
0,741582823393632
0,741582823393632
0,720498675465865
0,669852987245075
0,78728171090211
0,78728171090211
0,719187000497673
0,631294469582788
0,911314117325922
0,911314117325922


189 2 0,99 5,628
0,905619589452058
0,915993918214757
0,915993918214757
0,926880554681578
0,926880554681578
0,943828232583539
0,943828232583539
0,905619589452058
0,926818181312647
0,90723223111351
0,961939917595196
0,961939917595196
0,965757514330706
0,936367339365979
0,924992368355508
0,924992368355508
0,942024184344592
0,914981681661735
0,960806599683165
0,960806599683165
0,957828641371299
0,958422183061476
0,966618934151758
0,966618934151758


439 2 1 1,839
0,716656336608313
0,716656336608313
0,775800840328673
0,775800840328673
0,77874953759977
0,77874953759977
0,846823045540254
0,846823045540254
0,665690857810165
0,704190571424649
0,811847204364967
0,811847204364967
0,788041202290334
0,835761389561387
0,894650791924142
0,894650791924142
0,835820877468278
0,902892350353359
0,883303526065896
0,883303526065896
0,842419644008866
0,857402697551176
0,904371846689588
0,904371846689588


571 2 0,99 1,324
0,944804992889242
0,975122864078457
0,975122864078457
0,947896858934611
0,947896858934611
0,945884039720068
0,945884039720068
0,944804992889242
0,950000917476256
0,979108286227392
0,971239312821817
0,971239312821817
0,961214492837992
0,96006964220893
0,981624247303945
0,981624247303945
0,957779700680026
0,959121335186307
0,965490511752073
0,965490511752073
0,974934996420117
0,920031595337227
0,915838765780708
0,915838765780708


717 2 1,1 4,457
0,675913408071562
0,555255769874447
0,671979766261529
0,601191071569792
0,681413860011549
0,66277326676799
0,733982120490033
0,667072505702707
0,675913408071562
0,709961824802409
0,923437369026168
0,923437369026168
0,561876344198219
0,614789511479724
0,640301429205488
0,640301429205488
0,598661817949032
0,645295884883813
0,657212798781441
0,657212798781441
0,752699179344516
0,77706138697136
0,653704443916825
0,653704443916825


724 2 0,92 4,068
0,759774620147427
0,805669925190943
0,805669925190943
0,895810622583725
0,895810622583725
0,888910362716273
0,888910362716273
0,759774620147427
0,991318564522846
0,957033693282856
0,940190660694722
0,940190660694722
0,947317093988743
0,84792085374802
0,900869804421774
0,900869804421774
0,846026212311209
0,846146077969151
0,841700330151328
0,841700330151328
0,861937071142893
0,922380924936812
0,691490765672161
0,691490765672161


173 4 0,97 3,048
0,916772337028416
0,884759704691486
0,884759704691486
0,921001314845121
0,921001314845121
0,918231457195683
0,918231457195683
0,916772337028416
0,92115897870213
0,869594579528092
0,815947621508796
0,841597353522884
0,841597353522884
0,948354056784946
0,872886339852616
0,869092766199732
0,869092766199732
0,879456925167174
0,903338604453932
0,928195851118619
0,928195851118619
0,924796320077107
0,901368321192216
0,92115897870213


181 4 0,94 5,233
0,914012160253806
0,914012160253806
0,923378203533086
0,923378203533086
0,903753898811398
0,903753898811398
0,911279485926553
0,911279485926553
0,880547852051374
0,918942658812813
0,924929893767179
0,942012810137516
0,942012810137516
0,952717174201817
0,922402808687226
0,933643812847455
0,933643812847455
0,930252375231554
0,927921072036807
0,91950553894385
0,91950553894385
0,889412664260867
0,926427513497534
0,880547852051374


699 3 1,01 4,514
0,766979335819809
0,820806255448472
0,820806255448472
0,893550713288764
0,893550713288764
0,898128778842476
0,898128778842476
0,766979335819809
0,895378088836499
0,861225188181088
0,76995738581707
0,76995738581707
0,824212608795472
0,884243492890724
0,781588522213039
0,781588522213039
0,777491300173957
0,802930054826061
0,812292911352222
0,812292911352222
0,800875662040438
0,77714542720309
0,890615478631267
0,890615478631267


326 4 0,92 3,953
0,873234297331489
0,949061865162522
0,949061865162522
0,919577367321663
0,919577367321663
0,823021944599083
0,823021944599083
0,873234297331489
0,894153539041854
0,886324378752919
0,905644138219546
0,905644138219546
0,822636868928883
0,805925741799199
0,842373500213018
0,842373500213018
0,765222632867831
0,780680012443606
0,810084223814136
0,810084223814136
0,955683477631148
0,927575624421418
0,903194746659813
0,903194746659813


348 4 0,99 1,441
0,95009783018232
0,962904874073757
0,962904874073757
0,908548215113854
0,908548215113854
0,93774714796657
0,93774714796657
0,95009783018232
0,924960208420907
0,957027395787668
0,935280230303972
0,921526734322412
0,921526734322412
0,903659596255851
0,94283748101532
0,915656751159212
0,915656751159212
0,899512821818913
0,917443631052135
0,942276225212953
0,942276225212953
0,915303923893824
0,904062533267062
0,924960208420907


696 4 1,03 4,542
0,888454459116002
0,828165411697029
0,814442712522279
0,872432917009159
0,860228663841087
0,871821456275873
0,847909965824351
0,841949848042992
0,931616963216283
0,940509301674676
0,798728770023989
0,798728770023989
0,90165945413427
0,819766462701436
0,841571639326383
0,841571639326383
0,760733867296619
0,848476076173368
0,789480063486126
0,789480063486126
0,886394890365318
0,881307393240801
0,840734796942459
0,840734796942459


197 4 1,12 4,135
0,806064316078112
0,704930308793472
0,733765828619995
0,878760394314237
0,787770348451955
0,871636271536813
0,840248965155198
0,828786155308431
0,849500807951348
0,853953087616317
0,768119551644726
0,813615159890698
0,813615159890698
0,797222432191374
0,806324675146581
0,907246762242569
0,907246762242569
0,7965443127535
0,855481090894556
0,868032318058626
0,868032318058626
0,787044575981051
0,728449379409097
0,849500807951348


674 5 0,91 4,68
0,924727634260266
0,877039668949453
0,877039668949453
0,88461963698176
0,88461963698176
0,956873838809912
0,956873838809912
0,924727634260266
0,927110982156161
0,947863283489355
0,955501034983139
0,959128669026779
0,959128669026779
0,950176094660212
0,943259205117329
0,930311490435098
0,930311490435098
0,915381298910924
0,906969041386889
0,921897586788061
0,921897586788061
0,928176607115365
0,914338753150052
0,927110982156161


692 5 1,02 4,598
0,910415833037495
0,923978689185147
0,920360853074464
0,831670503596082
0,923071658895399
0,844511479485051
0,838964567976283
0,910127524701487
0,90727916874784
0,926232803229195
0,920486332137759
0,920360853074464
0,885417580021583
0,841117974120589
0,931788226620693
0,923071658895399
0,803154569382245
0,918932818235541
0,907424568628863
0,838964567976283
0,927995974402201
0,855866075814318
0,871002649731149
0,910415833037495


229 5 1,01 1,067
0,91071707763007
0,87828537692573
0,87828537692573
0,881094275051986
0,881094275051986
0,90705076873764
0,90705076873764
0,91071707763007
0,941990526125445
0,883586112728404
0,868311552491596
0,920872388917493
0,941480899511849
0,913037725841912
0,898681209714342
0,940648334347398
0,925108939830013
0,884272687412446
0,951583972492726
0,81776982858279
0,813817568141389
0,89339172906184
0,837796433535516
0,883811983804976


279 5 1,05 1,297
0,865349350396034
0,728963877327833
0,605901387608925
0,56104225586305
0,698981728261293
0,538055845473089
0,417792065405574
0,878332193655665
0,518179593137448
0,353676619639461
0,750100388064883
0,750100388064883
0,85126302907994
0,793374740416777
0,567904698109862
0,567904698109862
0,827126242521267
0,73280557594255
0,641837725910594
0,641837725910594
0,674610895836495
0,836685121860119
0,69167512687716
0,69167512687716


688 5 1,1 4,571
0,781807603239236
0,87118147799404
0,883959364256215
0,888785111391447
0,863276888873655
0,777786960845949
0,825198434524761
0,799695825360723
0,789098180445329
0,802450972802074
0,884522115106712
0,884522115106712
0,767471147437817
0,766201921629717
0,869175309191534
0,869175309191534
0,765784928909443
0,763386041382265
0,838848120865159
0,838848120865159
0,878259661585344
0,916456432847374
0,828877897941699
0,828877897941699


459 6 1,01 1,289
0,896544806613093
0,90215996279317
0,90215996279317
0,843157517534335
0,843157517534335
0,881236001179433
0,881236001179433
0,896544806613093
0,840382686713491
0,930762635911596
0,832581210977136
0,775274891084604
0,871343467305871
0,768973749262738
0,784816483376052
0,709313337636497
0,752333676266566
0,888362824704268
0,796376047718233
0,778809196414536
0,862338760083419
0,878718239713379
0,857068246102586
0,858406225265716


484 5 1 2,889
0,562858502735143
0,497447762996361
0,497447762996361
0,792269686381236
0,792269686381236
0,825030132659379
0,825030132659379
0,562858502735143
0,788898515243287
0,895644589766823
0,821334506365156
0,821334506365156
0,498584299966405
0,697791955208266
0,765705606664729
0,765705606664729
0,852044427777582
0,708354567178139
0,582333489821152
0,582333489821152
0,789413529750163
0,751010796157708
0,742781195083466
0,742781195083466


484 5 1 5,195
0,8411749723075
0,8411749723075
0,850823260384862
0,850823260384862
0,758368205131892
0,758368205131892
0,789508808452101
0,789508808452101
0,809313961816047
0,885007601716586
0,934998684589034
0,889459954399035
0,889459954399035
0,857334069498734
0,857243910021871
0,797780318396095
0,797780318396095
0,907321245858972
0,902675478937123
0,958072846704037
0,958072846704037
0,919115405819562
0,747599405073772
0,809313961816047


651 7 1 4,388
0,559823786494993
0,730967367809902
0,730967367809902
0,78249181483443
0,78249181483443
0,569592674610541
0,569592674610541
0,559823786494993
0,696754955839089
0,73297823170646
0,73297823170646
0,820558615371553
0,745346976886416
0,849751559139949
0,849751559139949
0,712404083038113
0,771903218335161
0,640057743881283
0,640057743881283
0,76959341973038
0,673303151044643
0,764791150325091
0,764791150325091
0,863375414722863


303 7 1,07 0,659
0,754346460529187
0,682459885118096
0,825764680847733
0,86684418941749
0,752822845710648
0,639649637670953
0,796506384974461
0,918652947165416
0,804079338578154
0,804079338578154
0,719005372769307
0,761788319581855
0,862611239884053
0,862611239884053
0,798537938196927
0,672118450565461
0,75503740471143
0,75503740471143
0,772549664406981
0,717152189375791
0,821415242361395
0,821415242361395
0,812084619994702
0,800082569654583


546 7 1 0,198
0,924665503834706
0,924665503834706
0,916738016037184
0,916738016037184
0,908920575675365
0,908920575675365
0,853567910601072
0,853567910601072
0,893112715145937
0,877428319830155
0,877428319830155
0,935721101048822
0,896997460175942
0,895103987392389
0,895103987392389
0,869341089323474
0,886201101370641
0,891898524368867
0,891898524368867
0,91797695888453
0,881500632260922
0,912373513429141
0,912373513429141
0,923255316008864


72 8 0,96 2,856
0,767975085859722
0,595461786330788
0,595461786330788
0,91006251140013
0,91006251140013
0,792094301132462
0,792094301132462
0,767975085859722
0,713449047912505
0,763021202573067
0,763021202573067
0,738506797665262
0,545886682649948
0,876199902912755
0,876199902912755
0,732974109031632
0,622084143336033
0,702697891241232
0,702697891241232
0,734686070534686
0,738455867010172
0,740072631386747
0,740072631386747
0,595160362785783


252 7 0,93 1,848
0,833968839539389
0,833968839539389
0,822238666141135
0,822238666141135
0,840986342365106
0,840986342365106
0,843881016606723
0,843881016606723
0,922497918492629
0,945412656320896
0,946633141424779
0,946633141424779
0,857589651240743
0,862368136599266
0,731200518573447
0,731200518573447
0,946579654328817
0,890280773185314
0,957058839684898
0,957058839684898
0,901058959734999
0,910943060099767
0,893388679195092
0,893388679195092


255 8 0,88 1,676
0,804213015429658
0,804213015429658
0,888356476002217
0,888356476002217
0,963043989996182
0,963043989996182
0,88414662949132
0,88414662949132
0,874203491980879
0,874203491980879
0,94427917077504
0,906914658107612
0,903076746626318
0,903076746626318
0,932211006669026
0,852254129901693
0,845122789345677
0,845122789345677
0,830968550254352
0,850485923208783
0,899312062051855
0,899312062051855
0,907556634265941
0,924045737791726


462 7 1,02 1,13
0,890837864592091
0,930499869141847
0,930499869141847
0,946009708124872
0,946009708124872
0,929557454202424
0,929557454202424
0,890837864592091
0,898092129118217
0,861206832641819
0,9484184107819
0,95096319069791
0,915181408999447
0,921820831594032
0,932310796738404
0,904059103105152
0,89736734357304
0,843867523444967
0,885581849247109
0,883069437555385
0,924690208219076
0,922071592257826
0,889133740596211
0,894331263817901


670 8 1,1 4,599
0,897187311809912
0,750496710231606
0,756371705241925
0,794251627417052
0,871576600692257
0,756072723157927
0,809198752511904
0,759761205215736
0,744123918035284
0,747482130535274
0,938507949012998
0,938507949012998
0,724856461654788
0,80759959627983
0,895277680490204
0,895277680490204
0,790455003738985
0,762216471973545
0,838576161898069
0,838576161898069
0,82592171974106
0,79735560343935
0,904946924167267
0,904946924167267


317 8 1,03 3,822
0,864026328039155
0,941034257198096
0,655218768402684
0,83384143726709
0,692915351916214
0,711107561394702
0,855348832205978
0,811594370914095
0,7897900843254
0,941034257198096
0,816165447984635
0,788759656109185
0,850611880376594
0,83384143726709
0,814166058792831
0,858385922376063
0,819161898484378
0,711107561394702
0,770291349323185
0,842844049425124
0,814861036381095
0,811594370914095
0,772334395991382
0,743979844264976


188 8 0,95 1,297
0,903125709131484
0,860908510856496
0,860908510856496
0,821748793874423
0,821748793874423
0,862497944013025
0,862497944013025
0,903125709131484
0,942752336368688
0,794114793392529
0,794114793392529
0,886539284980396
0,893756084205865
0,909271961783477
0,909271961783477
0,873427806331876
0,902084750958902
0,86684834903098
0,86684834903098
0,964191601547744
0,960871501371442
0,939242608977209
0,939242608977209
0,856176156669507


188 8 0,95 5,511
0,865482460341801
0,9068636001793
0,9068636001793
0,867327665361811
0,867327665361811
0,825216109163258
0,825216109163258
0,865482460341801
0,966884801830944
0,962054877321549
0,934230590317233
0,934230590317233
0,859280367079582
0,942657553341024
0,795413368458221
0,795413368458221
0,883763098638305
0,897653267427331
0,900407897304848
0,900407897304848
0,863851978928152
0,900776112224885
0,871440417279542
0,871440417279542


540 9 1 0,312
0,859463879295452
0,859463879295452
0,897505664979328
0,897505664979328
0,793990951575198
0,793990951575198
0,834588703376995
0,834588703376995
0,824713297482922
0,821393211350596
0,822732540804198
0,822732540804198
0,889298784530342
0,908440930378251
0,911186360118004
0,911186360118004
0,864687338889986
0,874989429304553
0,739794315695391
0,739794315695391
0,800112285374918
0,903993301656702
0,939721133339082
0,939721133339082


554 9 0,96 4,628
0,986751297910472
0,985513210913324
0,985513210913324
0,968488572115257
0,968488572115257
0,97072728547227
0,97072728547227
0,986751297910472
0,966528875925812
0,955532085178866
0,961262133204268
0,951765262845204
0,951765262845204
0,940019237041174
0,962386568318659
0,962397034554794
0,962397034554794
0,94990166741321
0,974186344893502
0,980245524997056
0,980245524997056
0,967039326024551
0,950626707356238
0,966528875925812


666 9 0,98 4,587
0,912804275594457
0,925308200769933
0,925308200769933
0,950692049453876
0,950692049453876
0,938527715925253
0,938527715925253
0,912804275594457
0,950050031924355
0,949172073476084
0,961869370287102
0,939487937146602
0,939487937146602
0,945807581103221
0,872498342608656
0,903212348940632
0,903212348940632
0,930277447768759
0,93965028539893
0,897428208315332
0,897428208315332
0,916925077240197
0,952491521445751
0,950050031924355


746 8 1,01 4,504
0,698518723308159
0,812813565805747
0,812813565805747
0,810008319425867
0,810008319425867
0,85823817877819
0,85823817877819
0,698518723308159
0,53371533107847
0,699136054961358
0,75223972376127
0,75223972376127
0,814056348996432
0,785027316672513
0,798914623477211
0,798914623477211
0,668943294690842
0,55594985714265
0,632390332321879
0,632390332321879
0,962054568513766
0,726422540634919
0,687102369230426
0,687102369230426


637 9 1,09 4,512
0,890560793213427
0,778471740106025
0,755798883625785
0,73487479349189
0,850169574774965
0,708429690174089
0,838897522378326
0,786787048816269
0,829986851583257
0,837872934747501
0,851315783597713
0,851315783597713
0,742300532934371
0,743941469926112
0,909762669048633
0,909762669048633
0,812881436359915
0,68421403744168
0,789031785196029
0,789031785196029
0,834192310763162
0,729423607337862
0,811042336694932
0,811042336694932


206 9 0,96 0,133
0,932272276876155
0,932272276876155
0,873366480969653
0,873366480969653
0,848338006616316
0,848338006616316
0,792320344817323
0,792320344817323
0,853081242903129
0,853081242903129
0,91331933398844
0,839967725625464
0,863131701244399
0,863131701244399
0,901140318624597
0,880892580310412
0,851846964918679
0,851846964918679
0,854866231538011
0,789893628590089
0,86183844907683
0,86183844907683
0,902845158211257
0,833586125908087


435 9 1,01 2,243
0,921120146342626
0,856729305026194
0,91381505043464
0,868211314970043
0,853986591052798
0,786369443106886
0,833959032122857
0,849019461452846
0,909144968264244
0,856729305026194
0,807268466241594
0,850612447457533
0,818540419486514
0,868211314970043
0,806209042582274
0,876304092926322
0,872955371139276
0,786369443106886
0,910272406094704
0,825928387553879
0,838553502154969
0,849019461452846
0,837094488651845
0,899197219318445


479 9 0,9 4,519
0,981094387483598
0,90064849311364
0,90064849311364
0,942817449150996
0,942817449150996
0,949752214247784
0,949752214247784
0,981094387483598
0,933128892178311
0,868230689695552
0,904408468057676
0,874567679243772
0,874567679243772
0,936225486604502
0,967552731995212
0,96226102657171
0,96226102657171
0,913688031361973
0,897255920244793
0,967256049652783
0,967256049652783
0,957339857848177
0,93621287471332
0,933128892178311


377 10 0,92 6,064
0,882678509232857
0,89286789360387
0,89286789360387
0,709208717717588
0,709208717717588
0,798700600350566
0,798700600350566
0,882678509232857
0,718009046619487
0,874243750248092
0,874243750248092
0,937531402840504
0,865300823642051
0,617760071127194
0,617760071127194
0,941865106213478
0,86564213262252
0,868774080262075
0,868774080262075
0,887694237596605
0,617521768864976
0,783296243766359
0,783296243766359
0,798463843158501


599 10 0,9 4,927
0,71956243558139
0,71956243558139
0,919780490205908
0,919780490205908
0,878543995202616
0,878543995202616
0,809459343975142
0,809459343975142
0,800160740484434
0,723962648388091
0,775068262017917
0,775068262017917
0,937767215789699
0,925218329970632
0,952518155420625
0,952518155420625
0,923692809982736
0,91501846214468
0,958450902649605
0,958450902649605
0,835402064168087
0,924345881026823
0,934667914418667
0,934667914418667


224 10 1,1 1,062
0,768747102967214
0,856980400932821
0,784466656483113
0,852493599125088
0,813772523261293
0,879517262805511
0,825400266931631
0,755700267890219
0,860235084049433
0,874843112684631
0,924535101794735
0,856565043390774
0,856565043390774
0,842830878374026
0,872281630140215
0,88140268184143
0,88140268184143
0,708245115208402
0,708621335724988
0,861608014754144
0,861608014754144
0,840211225608736
0,765668059798072
0,860235084049433


282 10 0,93 4,562
0,927246174382059
0,908061593794053
0,908061593794053
0,79644379268862
0,79644379268862
0,712303143320969
0,712303143320969
0,927246174382059
0,768346915146303
0,656662477128578
0,550446188990852
0,844609448982892
0,844609448982892
0,801715082999412
0,866284017950791
0,779198909495557
0,779198909495557
0,855899889648467
0,890783705808838
0,850685450824918
0,850685450824918
0,86274719435468
0,729653427928972
0,768346915146303


285 10 0,84 4,674
0,855566136282879
0,892246202341738
0,892246202341738
0,788663585658691
0,788663585658691
0,78232526177676
0,78232526177676
0,855566136282879
0,521734284899881
0,529801217430241
0,456362854547013
0,706424654577329
0,706424654577329
0,748071068598995
0,868914974633937
0,845235272712876
0,845235272712876
0,918679803340155
0,827714852671889
0,708324542929884
0,708324542929884
0,837388010588903
0,540155704826738
0,521734284899881


739 10 0,97 4,694
0,953551951862512
0,924367644619116
0,924367644619116
0,933214636283906
0,933214636283906
0,936532305428805
0,936532305428805
0,953551951862512
0,955051585545693
0,950214804437403
0,937762583675544
0,931958874116336
0,931958874116336
0,936858137704716
0,92867699169958
0,927648538257583
0,927648538257583
0,937438506095059
0,937818025428601
0,940895249075754
0,940895249075754
0,944302324079499
0,959558513622478
0,955051585545693


40 11 1,03 0,295
0,71671601447829
0,71671601447829
0,784595085759696
0,784595085759696
0,883274984178159
0,883274984178159
0,768514188481576
0,768514188481576
0,647799276058336
0,595833078608455
0,670685977365475
0,74242211773879
0,740370862902436
0,437844724639927
0,414174849993789
0,812544981707534
0,455917313191994
0,392290865360532
0,821360584511343
0,752499242417365
0,70417012651503
0,57098471842543
0,596447769956429
0,649236784407594


329 12 1,08 0,207
0,789151380750808
0,848774470211197
0,582768006275115
0,692015623944166
0,748236682062511
0,79421029954236
0,745443637132029
0,915761432848836
0,706813013830162
0,703714377422472
0,703714377422472
0,849687319839371
0,819206289531941
0,664983268873937
0,664983268873937
0,681528113595456
0,817048427917167
0,710686625827819
0,710686625827819
0,716353496847441
0,726363898371011
0,583518110741051
0,583518110741051
0,674017443086736


589 12 0,95 4,271
0,951358645846576
0,924213574218417
0,924213574218417
0,939467357213208
0,939467357213208
0,92882816066584
0,92882816066584
0,951358645846576
0,971467118794747
0,971467118794747
0,966209560264004
0,911537468279439
0,948211289172264
0,948211289172264
0,978515012256367
0,952718136487837
0,933723773837431
0,933723773837431
0,939589296464953
0,946493950527859
0,954891999867471
0,954891999867471
0,981005961675488
0,939154852706333


148 13 1,04 3,571
0,891474309488917
0,891474309488917
0,894527115129006
0,894527115129006
0,880193577176325
0,880193577176325
0,83709723216511
0,83709723216511
0,947733477438421
0,898061792642895
0,848939803661843
0,908410685936816
0,869605902047755
0,8533103248862
0,897138823409028
0,866074577948324
0,879768259693824
0,902798303814227
0,888281722818918
0,839799752260928
0,856731138465595
0,938808327622698
0,880292820745309
0,907088416246462


534 13 1,01 3,832
0,819971994287522
0,861650944072468
0,803472682502278
0,869226700556829
0,755539850745366
0,850058079857008
0,876795141608637
0,918558287533163
0,953787002094065
0,861650944072468
0,746837056864096
0,920016814574956
0,931153733522545
0,869226700556829
0,849937759542791
0,854208582362737
0,897225122762843
0,850058079857008
0,86620484116559
0,929245323307827
0,927812048610331
0,918558287533163
0,794956984318046
0,850487968692663


609 13 1,07 4,72
0,927075481485598
0,903839461489369
0,865811360414095
0,874678878100508
0,914150721793411
0,880741409811203
0,943490277760783
0,933171989364079
0,878968675982211
0,927075481485598
0,952527229323543
0,904110047749458
0,82564304378816
0,865811360414095
0,944346636090116
0,940456868388078
0,92285453314076
0,914150721793411
0,892291392782565
0,884921977319621
0,914428495999664
0,943490277760783
0,927944086578352
0,943575052306081


646 13 1,1 4,625
0,859575265188415
0,803057192008766
0,867219211453605
0,594460604752142
0,613979138143687
0,589955255525892
0,633293070279002
0,826330649099991
0,822964571354928
0,703111753546681
0,823415648066481
0,823415648066481
0,878301776074979
0,672080089161366
0,651427075754935
0,651427075754935
0,908131069321735
0,897439515649134
0,690831443204063
0,690831443204063
0,610500768783036
0,809635957588983
0,868828822892368
0,868828822892368


391 13 1,11 3,285
0,659847688195925
0,827051838209944
0,79650237151013
0,867680703202654
0,750660355726089
0,905659005972921
0,6482690442054
0,807158050291229
0,795898205918932
0,636694071291982
0,636694071291982
0,830199307897379
0,816508593571946
0,663796278455889
0,663796278455889
0,773619506093144
0,768764160972733
0,601562082996557
0,601562082996557
0,812766091593394
0,707528181727057
0,559760140703986
0,559760140703986
0,840057700517956


605 14 0,91 1,277
0,933426572177281
0,939267485026288
0,939267485026288
0,962286093308202
0,962286093308202
0,963315483012068
0,963315483012068
0,933426572177281
0,95893128606724
0,933195820992281
0,933195820992281
0,95472176024064
0,926132099772445
0,92996918144122
0,92996918144122
0,93200568780475
0,925691226549361
0,966737528993408
0,966737528993408
0,977358372002523
0,918724748508487
0,927445374890886
0,927445374890886
0,974367211100284


288 14 1,05 1,572
0,856462505873426
0,916871976528054
0,8649439581307
0,88432815033473
0,861253162654218
0,934858213717556
0,903435470815989
0,955002722521973
0,87052411245093
0,856462505873426
0,868787307392504
0,904817528633416
0,939995167060121
0,8649439581307
0,792213081907119
0,829477968779221
0,837294151292009
0,861253162654218
0,794561721741301
0,878594708607145
0,906407500225565
0,903435470815989
0,88531415253836
0,922292718618019


288 14 1,05 3,435
0,705098586898847
0,814548037197694
0,697520836056605
0,741538243452553
0,78306790616357
0,858448341209196
0,707101401528756
0,886319471781375
0,823552575577612
0,597069422744604
0,688029783690478
0,709304747482445
0,776341854530294
0,638881327054213
0,722916421402865
0,904157740046213
0,77516423875775
0,774852142713535
0,812365652295482
0,752202128141371
0,567249385310729
0,715976485628716
0,773970278993891
0,861588215514019


711 14 0,9 1,487
0,757915980622252
0,766776665746553
0,766776665746553
0,804967238464845
0,804967238464845
0,775925478668112
0,775925478668112
0,757915980622252
0,956028660400722
0,910064123738683
0,799264179692411
0,747664128269624
0,747664128269624
0,89655474240638
0,834329801894966
0,883120256880855
0,883120256880855
0,818368876888567
0,932009202399435
0,774781096398861
0,774781096398861
0,726992174313833
0,933142324973235
0,956028660400722


399 15 1,01 4,3
0,817972767961054
0,892735966092177
0,892735966092177
0,848390645601212
0,848390645601212
0,835821980176416
0,835821980176416
0,817972767961054
0,800360913220112
0,877164383832861
0,885643808816107
0,77865718736846
0,829141889788895
0,90102855485654
0,81198441221322
0,833798359837092
0,859981109297919
0,891878546933279
0,812024377922542
0,866432165992446
0,956013947546537
0,88044888776639
0,906851093747824
0,845152101222693


586 15 0,92 4,249
0,957779622245398
0,958342531819613
0,958342531819613
0,946961430847943
0,946961430847943
0,936303537018562
0,936303537018562
0,957779622245398
0,954005047954603
0,954005047954603
0,951306299853988
0,949669341224064
0,927404164481235
0,927404164481235
0,920811158677058
0,921902702527406
0,945067507294505
0,945067507294505
0,960439393645633
0,903895795978592
0,906282793306915
0,906282793306915
0,931618519214962
0,966843020822235


16 16 0,99 6,236
0,96694020823806
0,948884117084569
0,948884117084569
0,96378293395866
0,96378293395866
0,961401656059385
0,961401656059385
0,96694020823806
0,945733758941822
0,95214250035065
0,980083397768582
0,961530334547556
0,961530334547556
0,949513214672362
0,936623018888431
0,963378377927266
0,963378377927266
0,962469389517704
0,943712671334399
0,939253692012898
0,939253692012898
0,960665792226775
0,9576467288485
0,945733758941822


256 16 1,11 5,937
0,839191289626259
0,74534534276238
0,810642198895272
0,61975309172337
0,752532764666038
0,817156448655576
0,847105000560044
0,815761250369662
0,746364137601188
0,667164562349844
0,667164562349844
0,774391568223875
0,872083280878377
0,778051577975059
0,778051577975059
0,631056565800249
0,815960926867406
0,819014185800699
0,819014185800699
0,806124374737383
0,805238191830261
0,737917714040399
0,737917714040399
0,737712255674064


308 16 0,8 1,647
0,84243877573484
0,84243877573484
0,763080857944362
0,763080857944362
0,877746764291653
0,877746764291653
0,917565420689655
0,917565420689655
0,672384018366089
0,672384018366089
0,770146166274472
0,820103330804727
0,935080436914743
0,935080436914743
0,927112207177243
0,829299822697596
0,917595436475322
0,917595436475322
0,856128976906898
0,868272744452567
0,859544988567094
0,859544988567094
0,793435952978899
0,897879433683858


155 17 0,97 0,188
0,841904138685116
0,841904138685116
0,840128499023844
0,840128499023844
0,911779795312919
0,911779795312919
0,908805314895551
0,908805314895551
0,923331900279682
0,941014185383112
0,941014185383112
0,870172997248348
0,832759154719105
0,851132747892296
0,851132747892296
0,903680061585578
0,887945897066549
0,891672683961315
0,891672683961315
0,916813452795129
0,908870198425976
0,833693630781617
0,833693630781617
0,882191478854633


564 17 1,08 4,511
0,802786873406413
0,798524790302895
0,803520700266681
0,782259301640436
0,685592503294454
0,801657343882555
0,701605057726309
0,767537361453178
0,683106617547983
0,852662454196761
0,779188351384859
0,779188351384859
0,726743412254786
0,788339899719502
0,808855330522672
0,808855330522672
0,592594153146326
0,695752924001497
0,839677786754974
0,839677786754974
0,677794595924759
0,785568797876898
0,779956022681695
0,779956022681695


615 17 1,3 4,71
0,756548312418267
0,818743883527597
0,879945738868842
0,861968647127984
0,845026020425931
0,827260116103329
0,877850772871134
0,799850567378033
0,898912930896556
0,914630854072921
0,858348431700612
0,876965279320428
0,912617405353773
0,873325942798042
0,840492333931822
0,789248159247915
0,786511167056822
0,79698766543082
0,903972852646038
0,945471905240174
0,91487674298929
0,873312076202584
0,815578661062196
0,947135904557775


714 17 0,98 1,804
0,755781260339036
0,755781260339036
0,773657519916333
0,773657519916333
0,838983658998268
0,838983658998268
0,744593608274768
0,744593608274768
0,852519287408552
0,848477502738839
0,848477502738839
0,781822534475971
0,663597439879208
0,946464896671889
0,946464896671889
0,914131247379248
0,923361953259099
0,905722406236873
0,905722406236873
0,812557292060287
0,798557185448182
0,871328113205168
0,871328113205168
0,793010301498189


122 18 0,95 5,215
0,917630712406069
0,917630712406069
0,918268225486644
0,918268225486644
0,937948321738889
0,937948321738889
0,944022350561601
0,944022350561601
0,944535902584241
0,900361221979547
0,915732432370808
0,935126266653677
0,935126266653677
0,933427597750216
0,985158802852506
0,934984313664382
0,934984313664382
0,92644533802122
0,928742494423046
0,952409760000133
0,952409760000133
0,933664629868516
0,962412959179074
0,944535902584241


193 18 0,89 3,563
0,917050433543824
0,917050433543824
0,913261398452791
0,913261398452791
0,940010219150686
0,940010219150686
0,868589741018424
0,868589741018424
0,905601783554279
0,89664852556954
0,93902043984995
0,900184425820763
0,900184425820763
0,91724053249829
0,923859217162086
0,862192861387711
0,862192861387711
0,930239321454976
0,947600694167642
0,852136329025295
0,852136329025295
0,888157288786192
0,937515099390604
0,905601783554279


484 18 0,97 3,82
0,962579553547841
0,962579553547841
0,95506198282314
0,95506198282314
0,968137512541522
0,968137512541522
0,972805465119255
0,972805465119255
0,980897625853857
0,954481029393777
0,954481029393777
0,917416666637902
0,962899361688284
0,960755119365576
0,960755119365576
0,962277923597534
0,954491047179685
0,969479009997474
0,969479009997474
0,938028825317554
0,968857221760005
0,943222607914887
0,943222607914887
0,95600932046866


725 18 0,99 1,185
0,881925725906015
0,854347456921314
0,854347456921314
0,905246343531129
0,905246343531129
0,835703319690749
0,835703319690749
0,881925725906015
0,929528244839747
0,931340235438764
0,931340235438764
0,894099214974042
0,859429479542286
0,885220385079401
0,885220385079401
0,909669433759791
0,894034022880643
0,882575159185056
0,882575159185056
0,902693132012198
0,849826331485913
0,91074060725284
0,91074060725284
0,873698412181635


21 18 1,08 2,442
0,762145211561191
0,701401083817763
0,775903286189515
0,709137957427729
0,811187816237982
0,677438848689687
0,717544619092937
0,748971362830429
0,750593429592008
0,721017034586365
0,662509047884274
0,701401083817763
0,828579007807662
0,863704679749894
0,85049617981243
0,709137957427729
0,796286752544866
0,810334776564576
0,633055058964021
0,677438848689687
0,71853768966873
0,903568542613028
0,89103352274299
0,748971362830429


21 18 1,08 4,056
0,814364727282318
0,770342129388636
0,824675212408329
0,732101167143231
0,747457334336728
0,788854066505113
0,791319504175733
0,768949723038165
0,853741181421254
0,874438872874077
0,8554568414854
0,834599863678265
0,834599863678265
0,826124732646041
0,702123106353796
0,767924565824491
0,767924565824491
0,899505652469551
0,893581143986229
0,78329092754603
0,78329092754603
0,755474748915655
0,748078175668173
0,853741181421254


89 18 1,12 0,013
0,798007624160807
0,816198223100145
0,777141303734064
0,762996788790247
0,808316961497485
0,792628173882955
0,789766647344963
0,869798046917999
0,692389220507488
0,692389220507488
0,830845274604182
0,859220553416937
0,792875871462232
0,792875871462232
0,734292357587164
0,851362018368186
0,892858416744222
0,892858416744222
0,77041171246762
0,749363397588672
0,812642041485217
0,812642041485217
0,773555368620822
0,7897335959772


89 18 1,12 5,266
0,866316082289127
0,863545158617583
0,813396498986506
0,825908019320463
0,764948960875213
0,753914696272604
0,790347107041838
0,709364180660702
0,774595619619767
0,774595619619767
0,788908822620564
0,693175957049359
0,833604387845781
0,833604387845781
0,857803106799849
0,793436867959866
0,733651253087467
0,733651253087467
0,85183966706675
0,894895958322588
0,767719292112292
0,767719292112292
0,750794688442446
0,812621950218329


142 19 1,06 4,069
0,667305996375234
0,87901675603036
0,796952113427821
0,62614826590746
0,725917785822959
0,722025154097583
0,658774027955632
0,701883957034711
0,862772601780728
0,809672397218961
0,764367286167067
0,876959895771616
0,876959895771616
0,7854897434027
0,644149416330406
0,699835541447806
0,699835541447806
0,807725129906047
0,813812612901289
0,79433799551912
0,79433799551912
0,657169851495493
0,645672130580835
0,862772601780728


75 19 0,96 2,811
0,745175138626123
0,834345371253713
0,834345371253713
0,843386653630698
0,843386653630698
0,927495503392932
0,927495503392932
0,745175138626123
0,7702472758372
0,935356823367961
0,935356823367961
0,91569336906259
0,855180564703331
0,765076869279669
0,765076869279669
0,83012835016724
0,860414586144731
0,926910522585084
0,926910522585084
0,849728264547243
0,922823860009284
0,82825384669661
0,82825384669661
0,851721852117998


300 19 1,01 1,229
0,741957126093664
0,610625209949116
0,610625209949116
0,814452497916365
0,814452497916365
0,728643873452521
0,728643873452521
0,741957126093664
0,871131885563561
0,537793128957139
0,654537525449106
0,666165966063286
0,505355697907567
0,846796012997003
0,66143497721622
0,637912586044201
0,858380408902397
0,645967002235578
0,781108221672788
0,851729270873357
0,702536980194106
0,78101560862119
0,632187991742966
0,626835700401379


315 19 0,95 3,739
0,928912601854396
0,928912601854396
0,905675565990279
0,905675565990279
0,899701959055464
0,899701959055464
0,927438240438802
0,927438240438802
0,943653347362075
0,943653347362075
0,950003260590778
0,945023701056639
0,920694926314398
0,920694926314398
0,956307173195955
0,939351102952297
0,936397709419992
0,936397709419992
0,955627241982717
0,946035403523551
0,930984683564535
0,930984683564535
0,931866538490383
0,938640203844823


404 19 0,89 3,239
0,890626627546539
0,890626627546539
0,857972524602227
0,857972524602227
0,924592292752981
0,924592292752981
0,878272950313224
0,878272950313224
0,857565259200177
0,857565259200177
0,856375572307891
0,925029146372525
0,871613187492337
0,871613187492337
0,871465055547264
0,793451913154565
0,844454179069197
0,844454179069197
0,921664247690101
0,877827921108112
0,75508393249962
0,75508393249962
0,895655214150888
0,924637284956426


404 19 0,89 6,176
0,848525978133559
0,920132848212925
0,920132848212925
0,902454362555065
0,902454362555065
0,869492717590313
0,869492717590313
0,848525978133559
0,837790933725385
0,868911294301354
0,915324921722637
0,890763394327696
0,890763394327696
0,795176907647437
0,872191423149193
0,9383616985401
0,9383616985401
0,864767806249332
0,810480336501485
0,910523000875583
0,910523000875583
0,928051528450498
0,867177148622786
0,837790933725385


11 20 0,94 6,086
0,954495695555364
0,844698122061883
0,844698122061883
0,849334115403171
0,849334115403171
0,976960700288631
0,976960700288631
0,954495695555364
0,944539623175863
0,862700096498174
0,908034884808536
0,908034884808536
0,884252248831218
0,840588573134374
0,737713109901711
0,737713109901711
0,885864755686764
0,960585329856801
0,801700829950138
0,801700829950138
0,853302942436338
0,891990398955596
0,896951727825487
0,896951727825487


241 20 0,97 4,201
0,943565216163256
0,953783871566397
0,953783871566397
0,97046686160677
0,97046686160677
0,954761071266669
0,954761071266669
0,943565216163256
0,938514681288138
0,938514681288138
0,945574531316994
0,952759907613374
0,95564577447018
0,95564577447018
0,955333840565442
0,966243046891979
0,940711882067431
0,940711882067431
0,956638567977302
0,973704873186894
0,9645689405362
0,9645689405362
0,945049828843247
0,938924355520364


42 21 1,02 0,235
0,823947699417409
0,823947699417409
0,611107399169983
0,611107399169983
0,64586448649635
0,64586448649635
0,746019418342089
0,746019418342089
0,893813869836846
0,789574673616852
0,789574673616852
0,674454421374312
0,459379461420531
0,777436646151468
0,777436646151468
0,869413130049026
0,651229626852947
0,615917883886508
0,615917883886508
0,881154374915807
0,743288633019153
0,700399070469619
0,700399070469619
0,718565877212483


158 21 0,98 6,184
0,936695893164663
0,925625735120894
0,925625735120894
0,942160820017133
0,942160820017133
0,907643009858145
0,907643009858145
0,936695893164663
0,926868731179505
0,916823951651116
0,907152749282814
0,935461708205149
0,935461708205149
0,933228580604416
0,93060025720951
0,897387699618562
0,897387699618562
0,900246334703796
0,906641807373527
0,906103720834738
0,906103720834738
0,926056007609489
0,935918226344531
0,926868731179505


635 21 1,02 1,826
0,567117107324337
0,567117107324337
0,725546800929857
0,725546800929857
0,720607489868773
0,720607489868773
0,66413601539976
0,66413601539976
0,84058224321191
0,863339422958125
0,863339422958125
0,602492939175817
0,807080879400063
0,810086390811484
0,810086390811484
0,647156790347064
0,825233397484165
0,756723769630762
0,756723769630762
0,656888064229334
0,723140720560082
0,731605164377528
0,731605164377528
0,909382216998557


635 21 1,02 5,204
0,90123263628079
0,90123263628079
0,886047569414639
0,886047569414639
0,852773702546381
0,852773702546381
0,898807374285894
0,898807374285894
0,90471915379124
0,88797974472432
0,88651805260711
0,944883818049021
0,903137532695503
0,881529903481954
0,880325114403411
0,961148947584805
0,890660114481748
0,907824259068222
0,870556430752082
0,919261264432034
0,939506896419674
0,917794907472112
0,903437838284594
0,902409382144705


152 21 0,97 5,417
0,931980935314418
0,931980935314418
0,859735004911959
0,859735004911959
0,777175840186492
0,777175840186492
0,776897676295173
0,776897676295173
0,834098323895376
0,842325725096188
0,842325725096188
0,816137606506209
0,88020314197651
0,877161506515493
0,877161506515493
0,870149924439379
0,836334712905744
0,855850364364563
0,855850364364563
0,762644753111383
0,896621966931578
0,916912337185384
0,916912337185384
0,914060024339221


237 21 1,02 5,225
0,917676568195397
0,917676568195397
0,867880071479592
0,867880071479592
0,856635417035455
0,856635417035455
0,898602233945253
0,898602233945253
0,940847906402127
0,940847906402127
0,966799837855884
0,911246216102698
0,941113984843153
0,941113984843153
0,865356579021166
0,889559874130975
0,926879385901653
0,926879385901653
0,931240582755798
0,889611784117771
0,942888104649322
0,942888104649322
0,887041702126677
0,94195308789296


438 21 1,09 3,515
0,767858196596235
0,90717073831953
0,802096305835685
0,760588156369639
0,712877268615359
0,701931919878649
0,890336537984779
0,849072663927784
0,697801627370215
0,77492884129436
0,928603457091331
0,894211673504443
0,789967823427356
0,865386468034985
0,830282212170012
0,860996482682601
0,809736751500253
0,765692641491944
0,819595475823233
0,825797836301502
0,853118063063343
0,80275978031271
0,736392610206592
0,730659646922009


566 21 0,93 4,664
0,962784598265156
0,96839443352237
0,96839443352237
0,920698756665275
0,920698756665275
0,936895380857287
0,936895380857287
0,962784598265156
0,953835272301496
0,933281408658756
0,910946636162396
0,950399936304217
0,950399936304217
0,919410428260278
0,935859792423196
0,925278747352838
0,925278747352838
0,922666761724625
0,940028997702251
0,944966756266617
0,944966756266617
0,945781416012772
0,91186889168217
0,953835272301496


635 21 1,02 1,826
0,567117107324337
0,567117107324337
0,725546800929857
0,725546800929857
0,720607489868773
0,720607489868773
0,66413601539976
0,66413601539976
0,84058224321191
0,863339422958125
0,863339422958125
0,602492939175817
0,807080879400063
0,810086390811484
0,810086390811484
0,647156790347064
0,825233397484165
0,756723769630762
0,756723769630762
0,656888064229334
0,723140720560082
0,731605164377528
0,731605164377528
0,909382216998557


635 21 1,02 5,204
0,90123263628079
0,90123263628079
0,886047569414639
0,886047569414639
0,852773702546381
0,852773702546381
0,898807374285894
0,898807374285894
0,90471915379124
0,88797974472432
0,88651805260711
0,944883818049021
0,903137532695503
0,881529903481954
0,880325114403411
0,961148947584805
0,890660114481748
0,907824259068222
0,870556430752082
0,919261264432034
0,939506896419674
0,917794907472112
0,903437838284594
0,902409382144705


677 21 0,89 1,679
0,815205999420177
0,815205999420177
0,799597403111036
0,799597403111036
0,878609908190531
0,878609908190531
0,91846084933231
0,91846084933231
0,943451458668178
0,943451458668178
0,956071759693943
0,814205483472593
0,851773811312583
0,851773811312583
0,827022408192515
0,828572341487067
0,85555759884351
0,85555759884351
0,725980768364158
0,88277287553494
0,897730538608614
0,897730538608614
0,756658724078949
0,826452943510483


677 21 0,89 4,781
0,892237398766126
0,892237398766126
0,92358917700064
0,92358917700064
0,832633493504758
0,832633493504758
0,812591341594705
0,812591341594705
0,868276141388721
0,868276141388721
0,777294221497561
0,890368253645061
0,902896254423696
0,902896254423696
0,808787138210377
0,848658081681203
0,943407136964798
0,943407136964798
0,956634118418405
0,830614069334885
0,849390373348943
0,849390373348943
0,842415391893011
0,837983898009368


707 21 1,06 1,392
0,748586342987483
0,784393094511333
0,758844247033391
0,850970162082802
0,874539715098549
0,677745319009442
0,649119017535222
0,735051568565885
0,716801948766527
0,743691227361091
0,64658437389618
0,64658437389618
0,720627534359212
0,682948163482096
0,774847680626141
0,774847680626141
0,8422330706006
0,738395432896514
0,825633728105177
0,825633728105177
0,709177369241875
0,864845698583186
0,701992239801756
0,701992239801756


752 22 1,01 1,365
0,819175324587456
0,84467859449007
0,84467859449007
0,841753071852157
0,841753071852157
0,844697430235059
0,844697430235059
0,819175324587456
0,805381139930749
0,818901304662687
0,872203058370822
0,872203058370822
0,88101139558167
0,837150705456058
0,753569664611356
0,753569664611356
0,621825683181196
0,660895748167168
0,732084736841865
0,732084736841865
0,855852593404482
0,813941302501529
0,905640844986365
0,905640844986365


296 22 0,96 2,839
0,752240755583264
0,782374183406109
0,782374183406109
0,813031589832951
0,813031589832951
0,705760623876877
0,705760623876877
0,752240755583264
0,666409846397917
0,739648302328726
0,739648302328726
0,751123327849409
0,693982469756496
0,873185101124742
0,873185101124742
0,71824571534046
0,721624493304156
0,824065678648407
0,824065678648407
0,723684594426433
0,579017560499969
0,854943495951282
0,854943495951282
0,872704929359025


761 22 0,99 1,398
0,825470192070451
0,821333916806066
0,821333916806066
0,86780928524043
0,86780928524043
0,931168146504394
0,931168146504394
0,825470192070451
0,883417716274436
0,853921190066971
0,82308125076721
0,82308125076721
0,837783890873289
0,931689745296669
0,919271613234541
0,919271613234541
0,901174344974244
0,923176570925581
0,954205513029586
0,954205513029586
0,893334474184655
0,834237193078848
0,90182551952567
0,90182551952567


58 23 1,02 6,26
0,863651592532206
0,782483640569661
0,788525943684921
0,474972971204637
0,819786107246755
0,472646928399597
0,609350718847538
0,730665370398437
0,695275993740308
0,917712653674244
0,901051932738798
0,788525943684921
0,777419273390656
0,445503639441925
0,727333487662571
0,819786107246755
0,792457079345893
0,772361967398733
0,789696804536851
0,609350718847538
0,696137596796489
0,746434853238474
0,921710392808695
0,863651592532206


300 23 1,05 2,602
0,876756547474663
0,771154399397187
0,778371502675658
0,859109037585981
0,892434124182667
0,834683135696847
0,948986104164113
0,80994711444124
0,772770485032573
0,956899923172679
0,827898267138432
0,723997545495631
0,723997545495631
0,800312485069344
0,934876793266059
0,747093200590291
0,747093200590291
0,890939592430757
0,93133311861172
0,772053770188144
0,772053770188144
0,887718146472613
0,798624469770533
0,772770485032573


395 22 1,13 4,966
0,719396752385765
0,79855932019848
0,533016596361353
0,813682215481935
0,714164016697768
0,584295231318007
0,753738400773621
0,723962516626359
0,70520196095225
0,48014816188877
0,48014816188877
0,779510645167329
0,733446244341431
0,605845161821226
0,605845161821226
0,853137414266913
0,732129228148227
0,764689610207914
0,764689610207914
0,716066103134703
0,835827498613734
0,734298868729334
0,734298868729334
0,793621929128189


698 22 0,93 1,009
0,943593938966117
0,881430429102423
0,881430429102423
0,972832359938169
0,972832359938169
0,926419335007084
0,926419335007084
0,943593938966117
0,915707268946084
0,915707268946084
0,899348622421266
0,905312041287642
0,900258788338234
0,900258788338234
0,923778898657253
0,926815075494764
0,912699870916015
0,912699870916015
0,859532593110015
0,891101270234068
0,905721327969987
0,905721327969987
0,909625494597381
0,932337051273094


98 23 0,95 4,232
0,949973385570155
0,917755135091829
0,917755135091829
0,922667789191916
0,922667789191916
0,941989542875692
0,941989542875692
0,949973385570155
0,915795946826547
0,915795946826547
0,953025738667492
0,925227214996294
0,968185672246799
0,968185672246799
0,933666547908079
0,938449441723763
0,947020332240059
0,947020332240059
0,94984786096045
0,925187249446627
0,956847446769154
0,956847446769154
0,925804516761773
0,914338471072915


303 23 1,1 5,296
0,766751517687704
0,774068094613764
0,83944108943085
0,756512126619731
0,880455589187983
0,766197382768052
0,813307359124707
0,801349241944296
0,654536397825036
0,654536397825036
0,687878214072689
0,746806345394109
0,706049670424505
0,706049670424505
0,816800898687674
0,790426959587209
0,686142482146977
0,686142482146977
0,93070995770314
0,84820017466863
0,632998924426879
0,632998924426879
0,838207051108767
0,772804319140047


441 23 1,16 3,477
0,657912623179001
0,740601132184228
0,730576448499119
0,645446366643669
0,766687458001893
0,710133227486829
0,745226111568423
0,758100311847004
0,743053279198074
0,58319552664118
0,758966567040696
0,813182855898222
0,783534624623104
0,639908145093654
0,785705529738643
0,826094510937582
0,90330570529563
0,641123073334472
0,684172195663878
0,714286759228733
0,696702465922387
0,709261458905442
0,691195301141901
0,768286678336147


31 24 1,07 3,404
0,417386233152893
0,542795061728909
0,642709476983667
0,59672228006664
0,534149232090533
0,683121395152463
0,810185365965221
0,804446410405971
0,604708634795365
0,621600192448672
0,621600192448672
0,584200222402904
0,694580880940444
0,527820701746581
0,527820701746581
0,815508125875509
0,81719019759662
0,602624022698745
0,602624022698745
0,530661784887458
0,677907940334653
0,655583195398795
0,655583195398795
0,616271528303834


31 24 1,07 6,128
0,637341150408152
0,758325584725428
0,717571056653675
0,896490703185575
0,775395577481024
0,712350627868311
0,667263788763506
0,712884249884874
0,854347413168102
0,855763098188208
0,708871956535929
0,708871956535929
0,647500988639956
0,762950025923127
0,739859066165777
0,739859066165777
0,700703932528172
0,740685247131706
0,686338619262002
0,686338619262002
0,679367576911973
0,765319058679372
0,649517439077645
0,649517439077645


233 24 0,95 5,159
0,877385042664572
0,877385042664572
0,90954014586534
0,90954014586534
0,943107389594381
0,943107389594381
0,967126539510809
0,967126539510809
0,897215990952784
0,919345608040974
0,902624287046874
0,918389418413676
0,918389418413676
0,941604806646637
0,960687140340432
0,9199259104842
0,9199259104842
0,900486277551677
0,929990278902152
0,948113952966311
0,948113952966311
0,903348017645971
0,904851378621731
0,897215990952784


486 24 1,01 0,86
0,806668871243435
0,932236433361247
0,893979611341076
0,870039501568685
0,916040062219645
0,882318764427609
0,775462449945941
0,914084874405716
0,856206673396946
0,873814199250689
0,918897551194089
0,932236433361247
0,90379351726572
0,878136121843707
0,919322120134044
0,870039501568685
0,822425832842861
0,936607682267685
0,888259234836999
0,882318764427609
0,880758733263825
0,842173017723675
0,922492962691744
0,914084874405716


733 24 0,9 1,763
0,923950488771084
0,923950488771084
0,891754515701586
0,891754515701586
0,863773734283772
0,863773734283772
0,933077169627155
0,933077169627155
0,880596898029225
0,880596898029225
0,860611424681946
0,913317167139276
0,827656930621699
0,827656930621699
0,813075041965347
0,878661556375474
0,895184190486737
0,895184190486737
0,916604379766024
0,908462634721396
0,920462210516745
0,920462210516745
0,904103424863995
0,864754458635034


210 24 1,07 4,46
0,678648553264877
0,771901335203606
0,616678224347863
0,867005246807042
0,757042328874363
0,682123868643684
0,595401152094489
0,576408813931119
0,803181889518618
0,867501004003049
0,739393703699305
0,739393703699305
0,717895681823057
0,830544204730766
0,726994713420354
0,726994713420354
0,596301793024509
0,741934726531721
0,638386401202798
0,638386401202798
0,494659974851334
0,805939253917672
0,74765258854675
0,74765258854675


256 24 0,94 4,701
0,909676720894442
0,938258241528382
0,938258241528382
0,93606414403993
0,93606414403993
0,91388644316593
0,91388644316593
0,909676720894442
0,95764512982427
0,925559333278385
0,93098553269035
0,936613757900241
0,936613757900241
0,938161812986002
0,928211327695542
0,956074195179561
0,956074195179561
0,935427335581488
0,879041245072395
0,921296112311027
0,921296112311027
0,920363313350739
0,962834535644608
0,95764512982427


336 24 0,91 4,5
0,958177463848748
0,905940604399484
0,905940604399484
0,93220173819787
0,93220173819787
0,862119630328813
0,862119630328813
0,958177463848748
0,932173672048899
0,933543960675717
0,933543960675717
0,907316571156767
0,895263651756617
0,930278632212745
0,930278632212745
0,887830884647145
0,943209058285627
0,798727816120576
0,798727816120576
0,894845307852031
0,874952915136629
0,918245354527618
0,918245354527618
0,909206459829425


554 24 0,94 4,521
0,708983592249962
0,883427235446013
0,883427235446013
0,897182885672814
0,897182885672814
0,881647955577585
0,881647955577585
0,708983592249962
0,775242525427548
0,826046970422239
0,878173535423792
0,878173535423792
0,969507848456663
0,8292031689597
0,817541073227206
0,817541073227206
0,840281840465662
0,908647112832322
0,861018922895303
0,861018922895303
0,812945012623895
0,84879644980437
0,834215772029986
0,834215772029986


755 24 1,12 1,636
0,695897575858077
0,766526996790356
0,890696395534552
0,739653952315398
0,731006255977166
0,75814312463346
0,89330855826827
0,784123264558669
0,845873224947057
0,845873224947057
0,746304363040842
0,80888543319549
0,824942505628197
0,824942505628197
0,870167018748862
0,703068263533588
0,706864570493379
0,706864570493379
0,823854894836166
0,760406283997366
0,835413675575395
0,835413675575395
0,770477277506582
0,859817303315328


151 25 0,99 5,468
0,881861382200604
0,881861382200604
0,793397458125949
0,793397458125949
0,769911417950779
0,769911417950779
0,707679399480881
0,707679399480881
0,738605436829817
0,861497803873858
0,861497803873858
0,762826107236198
0,835935332958493
0,89987655651195
0,89987655651195
0,780175899230878
0,79152247240372
0,846926116872402
0,846926116872402
0,784256869586159
0,964948973913622
0,761329618405594
0,761329618405594
0,710104096981389


251 24 1,06 4,635
0,938666088062628
0,868584504098776
0,876078759943458
0,837165387639801
0,888589972286506
0,898902467542518
0,869960651006462
0,894061421915567
0,932335359104146
0,893619628138648
0,9334438827383
0,876078759943458
0,857102105911616
0,8352673989872
0,82504345104462
0,888589972286506
0,849864342961056
0,940812707501672
0,892398738580606
0,869960651006462
0,893395109942231
0,874267833487452
0,904159628777935
0,938666088062628


630 24 0,93 1,604
0,96224349244961
0,96224349244961
0,946969644426166
0,946969644426166
0,913693817909439
0,913693817909439
0,905705697249207
0,905705697249207
0,935132272149113
0,935132272149113
0,922214979099914
0,903294437954477
0,978713691829243
0,978713691829243
0,90988450217773
0,904169138912345
0,962600595628418
0,962600595628418
0,952489908351528
0,934980709251724
0,913285505876029
0,913285505876029
0,927706699104388
0,939153583473031


242 25 0,96 4,39
0,786165249055193
0,775035918418066
0,775035918418066
0,874919864926241
0,874919864926241
0,9117640445953
0,9117640445953
0,786165249055193
0,883989438898027
0,924564612750589
0,924564612750589
0,924910450647371
0,91366388122446
0,847887326220625
0,847887326220625
0,852546501774708
0,979240779614223
0,886328013805934
0,886328013805934
0,867253619935267
0,905960876956935
0,947318628166822
0,947318628166822
0,904075640689567


379 25 1,08 4,563
0,8628322965744
0,722471956039392
0,867795188129063
0,71499689587703
0,764872987479216
0,82194595929281
0,778796476871252
0,791549675942221
0,864580352194259
0,658035216520679
0,898753075156453
0,898753075156453
0,830269022931388
0,715146222827917
0,81315866439117
0,81315866439117
0,803765022725794
0,71054250662849
0,836058683143229
0,836058683143229
0,751548015899117
0,702910319109926
0,851385816147641
0,851385816147641


156 25 0,94 5,302
0,923240445965213
0,923240445965213
0,914518919710055
0,914518919710055
0,887675373153369
0,887675373153369
0,914294902073161
0,914294902073161
0,908519734164173
0,908519734164173
0,887430069459498
0,928928677113544
0,902062630294455
0,902062630294455
0,945907539803003
0,904314478997556
0,912008551085385
0,912008551085385
0,895875718464727
0,900730217103536
0,914971341554119
0,914971341554119
0,912857740084723
0,908309204615952


162 26 1,2 4,402
0,757321935916189
0,691216902939189
0,638980711189959
0,596360006627742
0,544753561404891
0,490226642413833
0,715266129723659
0,713679846097381
0,796602604325517
0,680485327634082
0,493674943191681
0,564854011637001
0,817136623223917
0,669617657132411
0,483454179486907
0,590600765871235
0,557500395396182
0,399447873664996
0,632347286505018
0,625005090480509
0,837148740632098
0,740129984602665
0,693515629214657
0,721881619447439


339 26 1,09 0,87
0,733909010837598
0,731491401701959
0,66515779029532
0,725766268832983
0,654905902833724
0,791557050413463
0,648155788695025
0,587473457895222
0,62119695404762
0,838678133607509
0,691550215870756
0,717913144820084
0,717913144820084
0,713375360005634
0,824298167009283
0,835620821393245
0,835620821393245
0,756617135031129
0,814677042207307
0,864987199192019
0,864987199192019
0,698221020203361
0,739408331930876
0,62119695404762


339 26 1,09 4,534
0,764090233675143
0,645255789044533
0,613002581505339
0,732717166325183
0,804271918300524
0,664322033181716
0,605850360870719
0,653754923891466
0,755886775915615
0,813275415169904
0,865122086574108
0,865122086574108
0,697088040896716
0,738566571539279
0,619487225228554
0,619487225228554
0,838598309290959
0,691160635207785
0,716856459374384
0,716856459374384
0,712755655208128
0,824724381379089
0,835109698554877
0,835109698554877


394 26 1,15 1,468
0,665541538310083
0,851766768372292
0,798820027485336
0,772950268970247
0,790515181366217
0,758787967911903
0,833810621600741
0,840964638492131
0,628400112601666
0,711124954829626
0,599394628437444
0,641742526230641
0,82863095913571
0,772245986131342
0,749916868943156
0,751172359557361
0,793545438954918
0,755364738357995
0,875772781909083
0,690641819070955
0,685883819119172
0,661525475735615
0,669865295642687
0,560318096829823


86 26 0,95 1,743
0,826262880749871
0,826262880749871
0,745466986189816
0,745466986189816
0,946981008254031
0,946981008254031
0,909778855958005
0,909778855958005
0,866154339750525
0,787092639823031
0,787092639823031
0,790189572552631
0,943340603312174
0,891297369622677
0,891297369622677
0,887053143700414
0,838319477418364
0,862081257003003
0,862081257003003
0,861077633429703
0,878020631158894
0,860264743299415
0,860264743299415
0,87692819911728


482 26 1,37 1,154
0,660369665418584
0,659025098649092
0,652504198784375
0,54089971752689
0,402561740382994
0,490590239119834
0,733199917681368
0,807320923499688
0,582508686315763
0,512245110117677
0,533167955367298
0,635424965389901
0,695974602286424
0,637775295178401
0,464761526093784
0,445510034262482
0,65856805649695
0,634259476366833
0,69739387395876
0,506897734316943
0,545388992807141
0,776484309558827
0,846031807721753
0,733199336538692


698 26 1,12 1,037
0,5898168782109
0,819953875828165
0,659487012098397
0,759922587769163
0,770061785199747
0,898217621199107
0,781072040474333
0,61388703059214
0,804783229503923
0,859011608783546
0,910668726607338
0,857955483667011
0,857955483667011
0,711718981695349
0,703763215896582
0,917660448961578
0,917660448961578
0,707055712853142
0,703370648240738
0,918491138909353
0,918491138909353
0,792834140621979
0,533439559231358
0,804783229503923


120 27 1,03 1,935
0,767267020728515
0,767267020728515
0,840903304329544
0,840903304329544
0,882443578337935
0,882443578337935
0,726290711843661
0,726290711843661
0,819748850775435
0,739445292659333
0,707327379921074
0,785045908604661
0,63430759569479
0,644094813731564
0,708120442387149
0,768128895947491
0,577163381780992
0,502676722213016
0,760272206768553
0,846379958572792
0,657523060539849
0,729092610706833
0,783089344062469
0,758603325610739


400 26 0,88 1,26
0,718286200638878
0,651146916875953
0,651146916875953
0,837196877849634
0,837196877849634
0,94845508542289
0,94845508542289
0,718286200638878
0,672704050867699
0,706556589869451
0,706556589869451
0,721857190186192
0,890776372159291
0,923956910658317
0,923956910658317
0,905972435789028
0,903045556947207
0,831183937861775
0,831183937861775
0,773105416327053
0,887100198715169
0,771464237493461
0,771464237493461
0,668484370354331


400 26 0,88 3,242
0,852466543321473
0,852466543321473
0,931043525359257
0,931043525359257
0,746902446049005
0,746902446049005
0,749947704566928
0,749947704566928
0,918488409966975
0,918488409966975
0,892666951695499
0,89923123452558
0,845709632745783
0,845709632745783
0,817116714840284
0,915866479449782
0,842722399095976
0,842722399095976
0,730018075089798
0,70189975060105
0,820409217615509
0,820409217615509
0,787447459641344
0,900089708405776


509 26 1,01 3,863
0,782814339787059
0,761318418634449
0,878904160400028
0,918373682019417
0,866270907114551
0,818360983778818
0,813100188783108
0,829307320232133
0,739626750199281
0,761318418634449
0,872489436088241
0,758571030295639
0,825600531195878
0,918373682019417
0,776702618301756
0,903954769612351
0,823939931016662
0,818360983778818
0,813191493235372
0,834909833953604
0,866072906723309
0,829307320232133
0,897629929614395
0,766833136996467


737 27 1,09 1,585
0,872566071094677
0,77209435250918
0,853559624621584
0,844407975250233
0,881777712416674
0,859963714678104
0,837157107562998
0,808047546543329
0,767555060975484
0,767555060975484
0,890123056477915
0,878050247633224
0,883198821971715
0,883198821971715
0,880633479610159
0,890707661400867
0,850011997291139
0,850011997291139
0,917291186000538
0,868655512430319
0,837257166136655
0,837257166136655
0,938873910273689
0,817571665118359


154 27 0,93 5,387
0,805102660388367
0,805102660388367
0,933257335248183
0,933257335248183
0,849126110555761
0,849126110555761
0,833312422806117
0,833312422806117
0,843927396035145
0,74266001263798
0,74266001263798
0,726929384822167
0,801874476378257
0,912149885683985
0,912149885683985
0,780756123448838
0,798667248371784
0,715849067180042
0,715849067180042
0,864031176501373
0,82365319759414
0,886081648732026
0,886081648732026
0,749506631523744


311 27 0,8 4,66
0,924960463196782
0,948004563499704
0,948004563499704
0,902452382090527
0,902452382090527
0,902024972404456
0,902024972404456
0,924960463196782
0,887173122620512
0,931949745305649
0,908153315331015
0,93673501516556
0,93673501516556
0,932589976691345
0,93518241484034
0,937914971199834
0,937914971199834
0,92586389679262
0,918402047812413
0,903165069894394
0,903165069894394
0,9492860970133
0,939838580216186
0,887173122620512


234 28 0,96 4,343
0,897230486477907
0,83196978165102
0,83196978165102
0,898603317311312
0,898603317311312
0,900514628046715
0,900514628046715
0,897230486477907
0,88975304454717
0,870960331370039
0,870960331370039
0,856504312674431
0,848488550137735
0,890538870115804
0,890538870115804
0,85797168094583
0,833559275598541
0,828719043917468
0,828719043917468
0,801332530094213
0,849635126952255
0,90311364083737
0,90311364083737
0,859726988330948


238 27 0,96 4,385
0,93250844764219
0,915070713928268
0,915070713928268
0,785624144593344
0,785624144593344
0,75327385105476
0,75327385105476
0,93250844764219
0,958814059037078
0,903174897134879
0,903174897134879
0,899100055881961
0,893663992201655
0,936197509562438
0,936197509562438
0,867627219722422
0,856274824668278
0,865276964755925
0,865276964755925
0,935804303319868
0,805379518006378
0,862522943658676
0,862522943658676
0,889066397965138


249 28 1,05 4,868
0,752996149242795
0,705067149029812
0,877618785479517
0,7776017643304
0,859225438225176
0,803216811541911
0,854686779949878
0,781156931241808
0,804059302586407
0,942828066803018
0,942828066803018
0,722245258116028
0,831832138509303
0,829335180544853
0,829335180544853
0,767914782600705
0,793052360108552
0,892889742159854
0,892889742159854
0,755359866403687
0,863314111760317
0,818651207914584
0,818651207914584
0,806032021585189


648 28 1,01 2,849
0,727171881863185
0,762883911212872
0,762883911212872
0,859285903086683
0,859285903086683
0,693366323232108
0,693366323232108
0,727171881863185
0,754283138260755
0,777206839613018
0,791309862350396
0,890651717355747
0,91108803913046
0,819736322898398
0,918317127563102
0,862150689942488
0,907320934563696
0,905393501956392
0,762437359127702
0,740648818487208
0,704254699476324
0,858595884368937
0,916696266399634
0,845497981932407


664 28 1,11 1,364
0,671424355396614
0,569878233060489
0,529800878140696
0,650438928856632
0,84031903332481
0,69506191362604
0,583538728145684
0,615700680315568
0,708882643759655
0,869757158485863
0,82853884475539
0,82853884475539
0,558852594166136
0,666429138629015
0,821742484055089
0,821742484055089
0,638715986355624
0,710292587260441
0,633218725529527
0,633218725529527
0,73961334833673
0,799891531205352
0,644663416921908
0,644663416921908


700 28 1,04 1,173
0,909081750719387
0,965356338053629
0,965356338053629
0,759599064291371
0,759599064291371
0,714666635022888
0,714666635022888
0,909081750719387
0,687337176071757
0,71874857315241
0,702812991978344
0,704428829711842
0,832129173756927
0,907260886642176
0,699519904952905
0,694353678341964
0,715427497584688
0,886527329020376
0,646658974702074
0,638979074112189
0,73706590624337
0,800553344423376
0,841545702219029
0,62750942845907


117 29 1,03 2,836
0,685693890478358
0,66098298149959
0,66098298149959
0,707858999218296
0,707858999218296
0,64671334478928
0,64671334478928
0,685693890478358
0,751997302294697
0,6896334028033
0,707836417954355
0,815529968517856
0,813052079156586
0,491741626314969
0,789457323629954
0,653041603781896
0,666379025384357
0,626367424327762
0,536738308165385
0,725306105005328
0,859143435016589
0,59183526189228
0,736083044956282
0,849404542549612


351 28 0,93 4,59
0,86034387875609
0,859184363168348
0,859184363168348
0,876163839721508
0,876163839721508
0,922867969403066
0,922867969403066
0,86034387875609
0,816269342133012
0,851115164662576
0,956005683456686
0,841702771437318
0,841702771437318
0,889462055416773
0,901695056404061
0,8103158795418
0,8103158795418
0,919435554459622
0,928047190549677
0,846454334150075
0,846454334150075
0,844447845491873
0,885722118181782
0,816269342133012


388 28 0,94 1,501
0,887506591891374
0,873594817055943
0,873594817055943
0,948461111330397
0,948461111330397
0,857868128388302
0,857868128388302
0,887506591891374
0,890746742651226
0,868403544135912
0,870799729430834
0,869075669292209
0,869075669292209
0,922922846173725
0,918266272151368
0,942067963009567
0,942067963009567
0,926390034306261
0,916090805027799
0,852777014262064
0,852777014262064
0,888415574935571
0,871441579891325
0,890746742651226


394 28 0,89 1,506
0,759699506632056
0,848720719194696
0,848720719194696
0,889548643456744
0,889548643456744
0,724726652530253
0,724726652530253
0,759699506632056
0,833829641342294
0,798221209445399
0,74661461439197
0,811695630124653
0,811695630124653
0,754133896759266
0,846987382857239
0,893904566630637
0,893904566630637
0,845261686823541
0,940408242201918
0,76086004006447
0,76086004006447
0,741329713922713
0,850175981375222
0,833829641342294


587 28 1,07 1,23
0,696230405983887
0,871682208311971
0,851546855138707
0,677294783120567
0,565235281471414
0,827233919992187
0,823261575915523
0,927949619553481
0,780280612338139
0,762791581366836
0,621661027203676
0,627112334174545
0,890233395582213
0,554474995877409
0,513983856300169
0,50914530565552
0,864399081387392
0,812639687414178
0,54129267729547
0,500894302914202
0,900174661420408
0,699186853331532
0,78131055126937
0,682351022942474


587 28 1,07 4,093
0,763253236716858
0,76596434376948
0,857744358888791
0,871218670378975
0,973295704047602
0,804668328554631
0,896131275053537
0,694002797522201
0,705343634537626
0,883731785284415
0,891860301147461
0,721033431011625
0,721033431011625
0,877242581466459
0,857669471943412
0,815791570882973
0,815791570882973
0,865336594724132
0,851482778497398
0,764816175248132
0,764816175248132
0,933235847646006
0,746336409037638
0,705343634537626


611 29 0,92 1,291
0,896188279897485
0,90656113995015
0,90656113995015
0,872004777503581
0,872004777503581
0,913181293504299
0,913181293504299
0,896188279897485
0,907438858299881
0,911919132767129
0,911919132767129
0,952415344700527
0,902527309151592
0,700788176000065
0,700788176000065
0,919948784982487
0,899427310655744
0,909269163914999
0,909269163914999
0,907491927346178
0,820289327798307
0,922325993965192
0,922325993965192
0,906687474550936


410 29 0,86 5,365
0,866924238091239
0,866924238091239
0,809920990961312
0,809920990961312
0,79154745014569
0,79154745014569
0,883047862480906
0,883047862480906
0,80830713722434
0,911780174012114
0,911780174012114
0,88475013272349
0,856779268179366
0,892134820110591
0,892134820110591
0,844451583261583
0,890080140951907
0,870393260336562
0,870393260336562
0,774020399562327
0,752197900615676
0,671917940321199
0,671917940321199
0,630945118785348


410 29 0,86 6,155
0,866071885949162
0,801804521614525
0,801804521614525
0,788548889033726
0,788548889033726
0,84112693808113
0,84112693808113
0,866071885949162
0,920589288099701
0,891950903854077
0,880850265128506
0,880434662884653
0,880434662884653
0,85344122171992
0,884289209665489
0,89948906905057
0,89948906905057
0,786814483961776
0,801983227246849
0,678265428344575
0,678265428344575
0,634083186613981
0,827322747758063
0,920589288099701


417 30 1,03 2,806
0,836647977231261
0,828820279041165
0,828820279041165
0,641515421467831
0,641515421467831
0,72927194721871
0,72927194721871
0,836647977231261
0,75197446596429
0,801769799904331
0,648828427409635
0,625485959194775
0,932790692659516
0,700665077789122
0,777547970279245
0,817633163703345
0,710542597180564
0,808122959679802
0,746904154308559
0,814774681917916
0,838202477133629
0,694058996195053
0,754978874081737
0,764837021173942


670 30 1 1,282
0,481274411155677
0,501085154811763
0,501085154811763
0,531706510544837
0,531706510544837
0,750119327467997
0,750119327467997
0,481274411155677
0,780464195120361
0,845533577022668
0,845533577022668
0,887972017003129
0,590120415537177
0,627129187681791
0,627129187681791
0,687310445634034
0,673713912948094
0,838889453329513
0,838889453329513
0,873579040510638
0,72277864218888
0,443023438262607
0,443023438262607
0,789727725185131


34 30 1,07 2,291
0,604288233976759
0,71981253000522
0,720556879527282
0,703474807333335
0,862297026989434
0,708073852452063
0,789961699107495
0,659977778097418
0,674530841965262
0,71981253000522
0,771713730479568
0,750429264868145
0,542729525533034
0,703474807333335
0,768703741534066
0,638962086023068
0,540922014882542
0,708073852452063
0,720181178007409
0,544942515001591
0,671586023505826
0,659977778097418
0,835338293218064
0,461638943878496


34 30 1,07 3,076
0,881272230209616
0,774153930996718
0,801639301582676
0,826863783295618
0,918500669230987
0,808057244229288
0,812732644367792
0,717717543732133
0,841008271702371
0,80104796690853
0,824163239550355
0,801639301582676
0,851752166163665
0,673120408275438
0,862551170899837
0,918500669230987
0,78590184892998
0,701922591330701
0,876451723647057
0,812732644367792
0,840099840109299
0,597705942753506
0,858693751740775
0,881272230209616


337 30 1,05 1,032
0,873624910383104
0,822699380568752
0,775720554789631
0,81261620197023
0,717868741134775
0,883624203012825
0,762211533744477
0,846229706969439
0,891683162373844
0,887815474275179
0,825074229209256
0,822991427518842
0,822991427518842
0,855385836376774
0,830038933266485
0,893957013420814
0,893957013420814
0,84728692249526
0,855571788610404
0,837080039222876
0,837080039222876
0,77548288445867
0,883603475353609
0,891683162373844


337 30 1,05 4,663
0,792545129252732
0,758978684427208
0,72620212961896
0,87707275049393
0,890232981239084
0,786405687291569
0,828635199874424
0,721342376263952
0,84899194459503
0,874667891501336
0,816819623543019
0,72620212961896
0,76326425163187
0,850430508338734
0,880472049740935
0,890232981239084
0,893832352659253
0,817856210320467
0,818528923752553
0,828635199874424
0,849971299212741
0,817115119927261
0,893643342724069
0,792545129252732


690 30 1,02 4,913
0,757719206771089
0,757719206771089
0,757298451314823
0,757298451314823
0,919270209718036
0,919270209718036
0,733289105059095
0,733289105059095
0,766479278476046
0,821039975909468
0,821039975909468
0,892480815617566
0,708972868296428
0,708357839992305
0,708357839992305
0,858800172231595
0,786728617611093
0,754634433873123
0,754634433873123
0,777447200849191
0,759327007891352
0,74869763836365
0,74869763836365
0,817141876461752


24 31 1,13 0,145
0,674833351618114
0,608566316093395
0,683404133836674
0,836126535418315
0,825081798648807
0,824140722294681
0,640613182238586
0,605469235943003
0,89102285170233
0,619146430728334
0,619146430728334
0,586705334166775
0,777300207539946
0,677696120355263
0,677696120355263
0,741041794011831
0,70374724942827
0,811242835334114
0,811242835334114
0,769009112285748
0,584933312324095
0,661827306945582
0,661827306945582
0,8922983774473


368 31 1,08 1,363
0,742096004054473
0,851003125709486
0,613922205030871
0,841407091056243
0,788856949955657
0,75648099954729
0,78122047877343
0,775080640380803
0,648156249874504
0,765627503701087
0,604766867922566
0,604766867922566
0,795314776665952
0,80722227884945
0,569088849817933
0,569088849817933
0,854284637085868
0,805989690414528
0,632043617835534
0,632043617835534
0,830441098803017
0,770975917574781
0,770977309656881
0,770977309656881


582 31 1,06 4,946
0,786342315551466
0,649508101362571
0,831944667559571
0,765057423417358
0,849090938391093
0,742898051310206
0,630823406236203
0,625564409107564
0,833595581545711
0,715166476316125
0,715166476316125
0,630086299203256
0,782914075224862
0,898334038410092
0,898334038410092
0,716931739657274
0,719052686896919
0,81948469071904
0,81948469071904
0,619763165611964
0,580025716951238
0,927373009083727
0,927373009083727
0,608485978065337


315 32 1,03 4,844
0,875176395904244
0,932441463866123
0,823658657982834
0,907123792983926
0,815104115239626
0,848781977515157
0,902219277830036
0,864244670099709
0,899452862455084
0,870016188576328
0,870016188576328
0,871669028740577
0,819912444864295
0,824947563393961
0,824947563393961
0,832026987168918
0,920885789729673
0,754568682863639
0,754568682863639
0,829452950933724
0,949941169829689
0,843597684432219
0,843597684432219
0,767303251851049


426 32 0,97 1,717
0,957750345884164
0,957750345884164
0,904479411851084
0,904479411851084
0,859997394787641
0,859997394787641
0,879814672226512
0,879814672226512
0,914751415013629
0,914751415013629
0,830631009093958
0,892712843484244
0,913577228614789
0,913577228614789
0,900099855391123
0,884487096310035
0,894347112574747
0,894347112574747
0,890659712474948
0,902100921860384
0,909630525613458
0,909630525613458
0,874836951001423
0,911720839949856


587 31 0,98 1,215
0,915726213560853
0,961982291496343
0,961982291496343
0,899896529510159
0,899896529510159
0,890856288075215
0,890856288075215
0,915726213560853
0,876827288028649
0,909534866619474
0,909534866619474
0,903581612208935
0,933316891394382
0,90490656427764
0,90490656427764
0,783406939354003
0,831703076007886
0,885432623891045
0,885432623891045
0,866637000028064
0,909306968170346
0,890185914866313
0,890185914866313
0,889108323200812


573 32 0,99 6,118
0,889486830960291
0,823143848954407
0,823143848954407
0,847368213823999
0,847368213823999
0,861481375030812
0,861481375030812
0,889486830960291
0,873441491019556
0,813014549336419
0,888140108548627
0,888140108548627
0,795679070660382
0,848453890143549
0,812438078304173
0,812438078304173
0,907189722939808
0,910693661470776
0,783342462706256
0,783342462706256
0,78543410075647
0,923550052498665
0,877589086495673
0,877589086495673


626 32 0,96 5,141
0,96552225424163
0,96552225424163
0,919968573849276
0,919968573849276
0,930164235465984
0,930164235465984
0,908632740636304
0,908632740636304
0,947469210953748
0,954919277423039
0,958264352312954
0,946115660903563
0,946115660903563
0,936354530506419
0,922103947965119
0,973729212779683
0,973729212779683
0,896148524976765
0,937215047253722
0,916535821966479
0,916535821966479
0,931684078688353
0,919120997928819
0,947469210953748


731 32 0,9 4,788
0,964859144710686
0,964859144710686
0,942620256569817
0,942620256569817
0,935348856077352
0,935348856077352
0,973703570809615
0,973703570809615
0,912611855675801
0,912611855675801
0,946797359790359
0,949866504840613
0,95923416437177
0,95923416437177
0,951517094379654
0,937119011201608
0,92907592583143
0,92907592583143
0,959630465605308
0,955099453742878
0,952213759978634
0,952213759978634
0,950396843097567
0,964525003761986


745 32 0,96 1,383
0,93487672195307
0,929188224414623
0,929188224414623
0,95132303579893
0,95132303579893
0,948711701488623
0,948711701488623
0,93487672195307
0,861843179068921
0,844295394875116
0,849114112627057
0,849114112627057
0,906440740621434
0,972134246435966
0,977833449699948
0,977833449699948
0,958533582772259
0,928092770907276
0,961955449380292
0,961955449380292
0,955282561129997
0,891497150844516
0,880177340113721
0,880177340113721


261 33 1,05 3,425
0,74218670594523
0,758114525753175
0,763285981257348
0,702791825834999
0,600799661942605
0,576340881963151
0,879153397403411
0,655173996080965
0,696141472774321
0,909493973405407
0,909493973405407
0,611071187956821
0,621972090612013
0,875161514153879
0,875161514153879
0,682986162061854
0,554782641222194
0,80276714578715
0,80276714578715
0,794497676891765
0,870028130365777
0,826932947615688
0,826932947615688
0,609078623380773


311 33 1,08 4,759
0,905187621890009
0,901553167767693
0,79714541937901
0,817648244244994
0,84483408472057
0,794470314608876
0,918617664688222
0,876603699970082
0,854781318358356
0,905187621890009
0,959872800210997
0,825308205576069
0,763893615652417
0,79714541937901
0,837067049519074
0,960869544091136
0,889249662147965
0,84483408472057
0,831627283812574
0,840764647835165
0,846282982807565
0,918617664688222
0,885784007003438
0,841092905281462


197 33 0,91 1,552
0,94420683030627
0,935430681378162
0,935430681378162
0,944500072678093
0,944500072678093
0,874083869737964
0,874083869737964
0,94420683030627
0,915514177775623
0,896640278048155
0,928518423810477
0,86215054741425
0,86215054741425
0,824299925158271
0,858039151671414
0,879053902988697
0,879053902988697
0,890342202370093
0,868107473826316
0,852184592802572
0,852184592802572
0,911663976443119
0,954847715218049
0,915514177775623


282 33 1,07 4,791
0,78409777452865
0,70140861778339
0,768329016749609
0,771511695227033
0,862989286486193
0,885583775231657
0,741683759880408
0,782526978414481
0,826097939754408
0,78409777452865
0,808568830541033
0,809467097364828
0,822770068969636
0,768329016749609
0,826365919359087
0,465636393684584
0,492569924086546
0,862989286486193
0,834619683633533
0,795083095524698
0,719501148546684
0,741683759880408
0,847159243806288
0,904262406574786


646 33 1,01 2,951
0,875672754485856
0,794448398581545
0,794448398581545
0,664138597553976
0,664138597553976
0,797840695256831
0,797840695256831
0,875672754485856
0,856854391863992
0,842483825447374
0,8327817011649
0,8327817011649
0,761963718895526
0,698874766370708
0,845727544595654
0,845727544595654
0,826359950591803
0,769862590102989
0,78019454684846
0,78019454684846
0,698110835290791
0,741965093040707
0,719828463986941
0,719828463986941


304 34 1,07 4,71
0,886217127166557
0,887701101454699
0,763355573528157
0,892548235002401
0,875604579828011
0,862091018238934
0,857895730307255
0,893774999909355
0,889605452875868
0,843587981347983
0,743989337989757
0,763355573528157
0,94636691554259
0,791174372041037
0,778700531943482
0,875604579828011
0,937024280597823
0,821311473545467
0,870535883325012
0,857895730307255
0,863510231556433
0,86744410545621
0,813604264145207
0,886217127166557


406 33 0,94 5,073
0,932374389894459
0,932374389894459
0,928693968112138
0,928693968112138
0,892526971519956
0,892526971519956
0,875611973936642
0,875611973936642
0,831966892245624
0,833823453266155
0,8729130204848
0,8729130204848
0,904707715252258
0,909781023129446
0,946572513743022
0,946572513743022
0,870328528790998
0,945013037423153
0,828649466981033
0,828649466981033
0,76794399978005
0,851555089010745
0,888690267942877
0,888690267942877


601 33 0,97 1,989
0,897613321457441
0,897613321457441
0,890979409794952
0,890979409794952
0,956222389080083
0,956222389080083
0,875688192008133
0,875688192008133
0,890861185581151
0,913362024169096
0,915420093726693
0,901551555304456
0,901551555304456
0,888122484935545
0,88282930069049
0,950114693711524
0,950114693711524
0,898251847217462
0,936300464781117
0,92994577806262
0,92994577806262
0,919367588098014
0,894720977502471
0,890861185581151


722 34 0,97 1,59
0,979963791451557
0,979963791451557
0,951498348648303
0,951498348648303
0,953352792549983
0,953352792549983
0,947113211262647
0,947113211262647
0,930781745915337
0,930781745915337
0,972861759795995
0,96062878962221
0,952228559242766
0,952228559242766
0,941393082579401
0,953257479298072
0,962634290919878
0,962634290919878
0,973786395077949
0,956056906278047
0,928982240044294
0,928982240044294
0,963051678719762
0,941350229613418


352 35 1,13 1,439
0,628508936316147
0,77009241675898
0,729186904588602
0,952505775383193
0,805294167618437
0,763714479834524
0,721811190680246
0,614620914585916
0,704096181210098
0,783876518211656
0,746984814521484
0,746984814521484
0,597209797289237
0,695047411383079
0,716953156325948
0,716953156325948
0,752567450393494
0,76670189507873
0,690048469480702
0,690048469480702
0,849784951280567
0,837865289844229
0,751629226854111
0,751629226854111


532 35 1,05 1,483
0,909661439201674
0,855974803229205
0,886610627245481
0,822586002519692
0,816246981636017
0,893386002190219
0,91098276318807
0,900463392777513
0,921121447960919
0,853463398201526
0,909202819861102
0,886610627245481
0,901010659578418
0,833037500212445
0,937439143885486
0,816246981636017
0,80470795114786
0,855494825277465
0,889304394579982
0,91098276318807
0,853223881622645
0,806795364192084
0,880670359944878
0,909661439201674


741 35 0,88 5,271
0,934528706967903
0,934528706967903
0,899096321407759
0,899096321407759
0,901718196708651
0,901718196708651
0,958947151118089
0,958947151118089
0,92232305812539
0,912314318383128
0,949070517786222
0,938108660288327
0,938108660288327
0,852520737582973
0,913088094230033
0,950095271248356
0,950095271248356
0,934501056519878
0,92869287497146
0,903263851454585
0,903263851454585
0,942354386049294
0,960892247309511
0,92232305812539


532 35 1,05 1,483
0,909661439201674
0,855974803229205
0,886610627245481
0,822586002519692
0,816246981636017
0,893386002190219
0,91098276318807
0,900463392777513
0,921121447960919
0,853463398201526
0,909202819861102
0,886610627245481
0,901010659578418
0,833037500212445
0,937439143885486
0,816246981636017
0,80470795114786
0,855494825277465
0,889304394579982
0,91098276318807
0,853223881622645
0,806795364192084
0,880670359944878
0,909661439201674


647 35 1,07 2,779
0,780229078011781
0,69686392205329
0,717497038566048
0,800393363145991
0,835107792400331
0,829188557158249
0,792080154790122
0,752357947822309
0,707260185111527
0,72721308308395
0,74161930412211
0,847525440359201
0,641050633218736
0,803547080586607
0,769298589899931
0,725202082739183
0,787449160363421
0,862387469100687
0,894938766222764
0,75994373943581
0,754202017110968
0,707718096490789
0,806828490630354
0,914950249149757


47 36 1,07 0,018
0,847733776048945
0,704885613800685
0,800254721154144
0,767077809239589
0,91388870755045
0,816987487355267
0,760551757061964
0,757426870755339
0,82717786003504
0,847733776048945
0,861533621377027
0,676056823703545
0,800710960679548
0,800254721154144
0,853729536492567
0,847173504812072
0,808137871627468
0,91388870755045
0,88474555082933
0,779791377522011
0,838180523693589
0,760551757061964
0,849779380546476
0,857643184399036


230 35 1,03 5,498
0,799349417482271
0,665874381775992
0,606707208967237
0,582773492248766
0,605676376902356
0,693174269609071
0,692308583347822
0,750281286981673
0,702307659378749
0,867188829182158
0,461963541791675
0,665874381775992
0,838904632704761
0,741514309058763
0,793327772478102
0,582773492248766
0,688343199521117
0,739625745667578
0,750201790018364
0,693174269609071
0,601905154964594
0,766467410937855
0,549264949186274
0,750281286981673


258 36 1,12 1,345
0,549128346068197
0,667699060859085
0,704562174176122
0,661702658204829
0,749359010605754
0,66650988032226
0,714099245621641
0,388474910411984
0,585873704221491
0,773866681548736
0,659742154921077
0,659742154921077
0,663363182232406
0,483335356771382
0,70624979974799
0,70624979974799
0,618921029274458
0,577664771587256
0,821597074734897
0,821597074734897
0,838712332774472
0,444415060236672
0,74350475913163
0,74350475913163


258 36 1,12 4,477
0,735547397047115
0,671074767472346
0,715310247961471
0,399774308173287
0,540347967644052
0,669383531247691
0,706863069718628
0,6527783422367
0,610694117940254
0,571354190536536
0,821448707250506
0,821448707250506
0,839888471514624
0,448318286667575
0,741099655379266
0,741099655379266
0,584045148716957
0,774323580859635
0,640866874507102
0,640866874507102
0,667996890360456
0,477519524154349
0,697250774357403
0,697250774357403


410 35 1,04 6,151
0,851038118224911
0,930819829339143
0,887341138977447
0,771273427266897
0,859988433676924
0,82834320903115
0,832277133705427
0,895540625546375
0,826452424677261
0,834833132140757
0,865667155202435
0,865667155202435
0,895535988336343
0,750200786513249
0,894136183731633
0,894136183731633
0,842053038643876
0,896224554270081
0,893298863217651
0,893298863217651
0,81833149256917
0,87144845160609
0,867746116631554
0,867746116631554


634 36 1,03 2,232
0,816956939288198
0,798315280826988
0,780399114184417
0,722878273668401
0,792185016157736
0,890115665665781
0,75715254652575
0,660285820194661
0,859616667765893
0,859616667765893
0,753866565173536
0,810688442922924
0,876827548147904
0,876827548147904
0,76965645357501
0,724205508911374
0,800083505910614
0,800083505910614
0,830167396397828
0,813430590115833
0,704928159379132
0,704928159379132
0,660290370209226
0,83937343894208


731 35 0,9 3,848
0,942401793618248
0,942401793618248
0,967953668463536
0,967953668463536
0,944168293133527
0,944168293133527
0,926140751249662
0,926140751249662
0,949832415444433
0,934727225715586
0,934727225715586
0,922146233564563
0,935281106040953
0,909177542512598
0,909177542512598
0,91341603260734
0,890402639836211
0,891516032983283
0,891516032983283
0,888022092405527
0,884822502492892
0,904283495225934
0,904283495225934
0,964252758019238


393 36 1,08 6,076
0,474912591330362
0,737008245084466
0,613587880564817
0,937182986894553
0,679820979440979
0,651546288864302
0,74262331697677
0,520150325098951
0,753458506457891
0,916183901529765
0,485887166491571
0,485887166491571
0,556394979856071
0,780026241917231
0,594400501724735
0,594400501724735
0,683160660265829
0,570810619186597
0,652096400011313
0,652096400011313
0,792437671050822
0,857184761249947
0,674446276678322
0,674446276678322


612 37 0,88 1,936
0,763774760246981
0,763774760246981
0,895054355855776
0,895054355855776
0,828326885746122
0,828326885746122
0,958830035685365
0,958830035685365
0,627787290339419
0,733478166548805
0,690782236081492
0,690782236081492
0,892102270918697
0,745347646807639
0,782334042285878
0,782334042285878
0,858122525614276
0,915076296458785
0,740342901050167
0,740342901050167
0,796412456696954
0,838806269194125
0,833302405585093
0,833302405585093


683 37 1,01 3,579
0,677104672212628
0,677104672212628
0,564417039587879
0,564417039587879
0,643311292342275
0,643311292342275
0,808370367540029
0,808370367540029
0,650397085950693
0,796871935143495
0,870090153700109
0,76905532493142
0,75636385515662
0,933378358739976
0,676118703941031
0,837139233205263
0,786455907934796
0,794494229620461
0,661285834462509
0,759457539686584
0,835633738131195
0,86238732816702
0,822007039110137
0,613008583536104


340 38 0,93 2,86
0,826860004149996
0,927962278376471
0,927962278376471
0,706500805450205
0,706500805450205
0,678844155141909
0,678844155141909
0,826860004149996
0,811796775051198
0,851199734516048
0,851199734516048
0,757364228215422
0,67996449249049
0,587024112361011
0,587024112361011
0,87895965644193
0,818850640302278
0,886869180853954
0,886869180853954
0,89222617577558
0,892132681030301
0,921320494889432
0,921320494889432
0,898159087245913


418 37 0,98 4,288
0,97874484573772
0,9283952429026
0,9283952429026
0,962572964223649
0,962572964223649
0,930288187745014
0,930288187745014
0,97874484573772
0,94395644776661
0,94395644776661
0,934593289540875
0,946067730577358
0,922193011099635
0,922193011099635
0,938802288569236
0,972661840319321
0,937800427425859
0,937800427425859
0,932059176769566
0,928755067034657
0,952466837192154
0,952466837192154
0,959139550584463
0,935494628949482


552 38 1,09 4,048
0,815433644058239
0,835934735743587
0,93741090977723
0,723344206060735
0,802174306773366
0,82772764129929
0,744382130334604
0,821597958731848
0,682507818639268
0,759010624987045
0,818068057994496
0,754480231964093
0,754480231964093
0,811688424918199
0,797736997918013
0,752323640964621
0,752323640964621
0,83455965059696
0,833008561050806
0,81046994728939
0,81046994728939
0,803879051607939
0,795662590039834
0,682507818639268


624 37 0,99 0,607
0,961269737280926
0,961269737280926
0,951449365722427
0,951449365722427
0,957532671915499
0,957532671915499
0,930211556934379
0,930211556934379
0,954748320778309
0,954748320778309
0,954808428587827
0,927254241270858
0,934917606819661
0,934917606819661
0,942112613577037
0,947974377608991
0,945023595942024
0,945023595942024
0,962177390610986
0,937241776620634
0,924484650652948
0,924484650652948
0,923256662751744
0,959511965953791


624 37 0,99 1,868
0,908592879233007
0,908592879233007
0,886593106723713
0,886593106723713
0,85667539987494
0,85667539987494
0,885050630060346
0,885050630060346
0,82755275430901
0,879281628651793
0,9307835171663
0,9307835171663
0,904538771424237
0,891009981264174
0,96635193188722
0,96635193188722
0,914459805763143
0,887796186888343
0,881859719865886
0,881859719865886
0,847648552282521
0,800209820523327
0,855097362211395
0,855097362211395


629 37 0,81 1,961
0,813671123766932
0,813671123766932
0,869750192622627
0,869750192622627
0,898552180471576
0,898552180471576
0,878958598392647
0,878958598392647
0,807888191941
0,850148068527099
0,819234766178262
0,819234766178262
0,830548845936497
0,840234999255632
0,922176646412344
0,922176646412344
0,905058635650815
0,795139426318544
0,775632099985748
0,775632099985748
0,832513466537594
0,574899771085668
0,812310726332018
0,812310726332018


54 38 1,13 2,282
0,611569646033132
0,762389024263681
0,666293759558231
0,479218564159819
0,842612737227312
0,7637089154526
0,747677545636774
0,597442258439241
0,781763498088038
0,820630690174762
0,775675124785376
0,766832737207379
0,664242481191906
0,660609780165927
0,48722779974188
0,717944550859685
0,541510845990797
0,66832578289844
0,78647862199443
0,609561482583848
0,651412934072514
0,797771404688965
0,693311026031774
0,540885635172625


228 38 0,92 4,218
0,893129333889864
0,959368251453658
0,959368251453658
0,915594413369113
0,915594413369113
0,944161890344726
0,944161890344726
0,893129333889864
0,893346404479371
0,893346404479371
0,915822766798332
0,922420019619327
0,956294898925197
0,956294898925197
0,921803082305274
0,94890774477788
0,921611582084889
0,921611582084889
0,937306171234377
0,929647297067624
0,939826867546492
0,939826867546492
0,911681077512146
0,895897537594247


282 39 0,94 2,728
0,937218220398499
0,896425096777298
0,896425096777298
0,851396957238424
0,851396957238424
0,922678485131972
0,922678485131972
0,937218220398499
0,914725743348825
0,914725743348825
0,86867715966351
0,850388751243988
0,878506763596868
0,878506763596868
0,859289812791826
0,837582823515825
0,876376975815353
0,876376975815353
0,858033889977788
0,879054130606072
0,932981235507416
0,932981235507416
0,861560719389002
0,880700305505004


282 39 0,94 4,315
0,888325373103804
0,840193870936906
0,840193870936906
0,920634483978406
0,920634483978406
0,932299914410946
0,932299914410946
0,888325373103804
0,863909537973332
0,863909537973332
0,852153923003127
0,82553807483778
0,861582964501291
0,861582964501291
0,831974266355303
0,873048769144021
0,935143879730967
0,935143879730967
0,851642368914694
0,868853328910565
0,910346627249613
0,910346627249613
0,857815042862991
0,841596470384643


375 39 1,12 3,949
0,789491506566096
0,588478303960233
0,836939965241932
0,705261093690315
0,876452716484097
0,529633146891554
0,677937199371321
0,683599182285268
0,508632575312529
0,724075660079916
0,639910329809574
0,639910329809574
0,592410277241817
0,504052466287378
0,524605000626728
0,524605000626728
0,668696653349997
0,808177346108482
0,60601803748719
0,60601803748719
0,53602743065773
0,799344020469717
0,778937308252302
0,778937308252302


596 38 0,93 4,268
0,938898030214259
0,934044755275204
0,934044755275204
0,958460319882592
0,958460319882592
0,926548577815759
0,926548577815759
0,938898030214259
0,92966462857199
0,92966462857199
0,896968300182406
0,919425033364067
0,914918619580515
0,914918619580515
0,919342743235297
0,896084939712909
0,878441476173746
0,878441476173746
0,882179685389087
0,934738705871701
0,935196926643335
0,935196926643335
0,907901659399283
0,928359855194833


136 39 1,05 3,81
0,834183954123789
0,815393200306351
0,839615776715457
0,865920216043074
0,814791383371011
0,866170089695522
0,860763685745734
0,827277797068657
0,863312036286976
0,863312036286976
0,888884302876511
0,880739956776693
0,807263241628425
0,807263241628425
0,840981787788201
0,852432817786179
0,843159417409335
0,843159417409335
0,897839494627144
0,887788955030039
0,84852332043057
0,84852332043057
0,804907495813136
0,872840237972703


409 39 0,93 0,184
0,922297774118396
0,922297774118396
0,850201092678933
0,850201092678933
0,945534513211398
0,945534513211398
0,878732319717856
0,878732319717856
0,902931435648418
0,982474023713147
0,982474023713147
0,897984788995485
0,781045423878652
0,891826561829038
0,891826561829038
0,892495666309278
0,864705483674914
0,891438683883391
0,891438683883391
0,967179743454329
0,802880243775149
0,933321906232019
0,933321906232019
0,895423405754053


409 39 0,93 4,886
0,885304252006372
0,885304252006372
0,923682227472592
0,923682227472592
0,855338142701911
0,855338142701911
0,946860564524295
0,946860564524295
0,807131124822503
0,807131124822503
0,935263503098783
0,895652495075194
0,901682425902336
0,901682425902336
0,983478733938159
0,899810854477027
0,783894462485212
0,783894462485212
0,893986436078237
0,894307027588602
0,866530965155432
0,866530965155432
0,89400042508523
0,967987829033843


648 39 0,97 2,558
0,963690750714433
0,921885704170382
0,921885704170382
0,934493680206987
0,934493680206987
0,921414976666445
0,921414976666445
0,963690750714433
0,93301466878539
0,933133845288468
0,925822048893547
0,925071412985415
0,925071412985415
0,917689343521392
0,941626711257914
0,937044589666134
0,937044589666134
0,963435406568706
0,920099524067699
0,941484625941381
0,941484625941381
0,920519788513527
0,950855453082059
0,93301466878539


153 40 0,94 1,002
0,950673827180227
0,925066650819783
0,925066650819783
0,924536016680843
0,924536016680843
0,939306435573322
0,939306435573322
0,950673827180227
0,950399222482609
0,926815984348699
0,913728726982068
0,913266855573032
0,913266855573032
0,927408312512907
0,930764086462807
0,913165434820165
0,913165434820165
0,923482834557171
0,94207047098908
0,971943912088393
0,971943912088393
0,955389303500891
0,943124032494425
0,950399222482609


667 40 0,96 1,45
0,919040608254427
0,96236183169636
0,96236183169636
0,908009663955769
0,908009663955769
0,938254241150523
0,938254241150523
0,919040608254427
0,916748041183246
0,967141309324209
0,962891259757415
0,952067990245465
0,952067990245465
0,958863512412125
0,962903372562653
0,931785258169107
0,931785258169107
0,89820223761404
0,943039020813904
0,958429645172627
0,958429645172627
0,893129821567688
0,885619950059423
0,916748041183246


680 40 1 3,683
0,844900636304675
0,844900636304675
0,813675722541297
0,813675722541297
0,886227218763947
0,886227218763947
0,871573937763119
0,871573937763119
0,900711101313578
0,900711101313578
0,903812615638098
0,817648170561114
0,895629608165738
0,895629608165738
0,84742754058487
0,905451480585734
0,880166007068189
0,880166007068189
0,918531795974585
0,822412755735704
0,877600765595204
0,877600765595204
0,91859110227594
0,891469701572514


