107 0 1,27 2,704
0,918604451876917
0,918604451876917
0
0
0,744977494904194
0,744977494904194
0,676541165082805
0,762967223622536
0,785905281045942
0,82340178784809
0,82340178784809
0
0
0
0
0
0
0,727996932527208
0,727996932527208
0,763754516867809
0,796762194570266
0,672778644596604
0,817259274021544
0,886685956581927


53 21 1,07 6,137
0,770028902512452
0,700226906876233
0,830918572413228
0,66282786523985
0,818688154110032
0,670294012323794
0,806452300722336
0,74315438878725
0,802118831216751
0,748657578919008
0,849879623345263
0,849879623345263
0,795024772924469
0,79831029198698
0,796041774607834
0,796041774607834
0,805427806804183
0,661173077977213
0,836035215283265
0,836035215283265
0,739682279904536
0,784443298289905
0,872397417846853
0,872397417846853


50 24 1,1 0,162
0,795053171853189
0,80904838950544
0,738435436384869
0,753497492811233
0,734084207844864
0,79416612276625
0,740188285275019
0,747589931077262
0,852886620266271
0,733753601935365
0,733753601935365
0,764268491136034
0,762309653448383
0,704432402271948
0,704432402271948
0,71308759923811
0,620799084334695
0,741548966342032
0,741548966342032
0,735442469767971
0,786764002543278
0,760883717672244
0,760883717672244
0,710462828334421


76 37 0,94 4,467
0,896985999260846
0,851641861141427
0,851641861141427
0,866591002781275
0,866591002781275
0,85897167373944
0,85897167373944
0,896985999260846
0,786504678234396
0,812076866719635
0,812076866719635
0,839310444864962
0,856657326215405
0,878584744103647
0,878584744103647
0,879513090491973
0,841618880210181
0,840301113618053
0,840301113618053
0,955423608688424
0,829015422525587
0,897220745031725
0,897220745031725
0,892989656554007


69 42 1,1 4,701
0,863536465348549
0,794726576735718
0,813387037056983
0,686052963095636
0,710499446903628
0,721615938657417
0,747534359163669
0,806010529055211
0,85664122547773
0,857231002540508
0,882648901890964
0,783255777892446
0,783255777892446
0,698212196001452
0,748675932234537
0,572971306498666
0,572971306498666
0,688734300453171
0,81684722118653
0,760332149053333
0,760332149053333
0,81714355329574
0,864635172768712
0,85664122547773


40 57 0,98 3,731
0,831891119998337
0,831891119998337
0,809937603535451
0,809937603535451
0,814221494022416
0,814221494022416
0,808969765295953
0,808969765295953
0,834144789561946
0,834144789561946
0,883991117929261
0,870958352959426
0,844810594673332
0,844810594673332
0,811051683020129
0,8701706605373
0,781250540075855
0,781250540075855
0,82128865246691
0,832353485218518
0,848476390863985
0,848476390863985
0,782040757921235
0,793880019813517


117 59 1 4,893
0,812789682995227
0,812789682995227
0,803755085426841
0,803755085426841
0,922424856635944
0,922424856635944
0,813454642091389
0,813454642091389
0,935078157226062
0,878861879637038
0,878861879637038
0,82566424826133
0,893273350017515
0,90847136949427
0,90847136949427
0,87684977052695
0,910986041375941
0,919225247290061
0,919225247290061
0,901431740268224
0,835935753404368
0,871145833941142
0,871145833941142
0,90962015233593


84 64 1,11 4,198
0,681098027845083
0,795773435444698
0,714736566914874
0,589675279117841
0,719142467423342
0,457995511552607
0,711006246998169
0,614757729283778
0,825907742899455
0,827378988561394
0,834622071845662
0,690507778839067
0,690507778839067
0,851571798313706
0,620760758137091
0,333815043580539
0,333815043580539
0,875113568809297
0,725946966485906
0,488623521980918
0,488623521980918
0,852217714304771
0,734418903168274
0,825907742899455


69 67 0,9 0,594
0,719556602781189
0,719556602781189
0,669463356281455
0,669463356281455
0,820290075573409
0,820290075573409
0,778526193827854
0,778526193827854
0,752706478761542
0,770544285761312
0,770544285761312
0,826229513865215
0,783875847664013
0,630537982576149
0,630537982576149
0,649753617949011
0,388828527092394
0,552969355079826
0,552969355079826
0,472234782364529
0,528648818723012
0,696572858550308
0,696572858550308
0,76817216136481


69 67 0,9 2,166
0,669373525025172
0,669373525025172
0,820312856373269
0,820312856373269
0,778673399957012
0,778673399957012
0,719335214769078
0,719335214769078
0,783787026654659
0,630295300528785
0,630295300528785
0,649906453849593
0,389587681866332
0,551638539657653
0,551638539657653
0,472479334494058
0,528675115294606
0,695515756568496
0,695515756568496
0,768138321703308
0,751756125230311
0,770259208125282
0,770259208125282
0,825264607783545


119 71 0,97 0,816
0,811262463531569
0,881755724190637
0,881755724190637
0,906766053706834
0,906766053706834
0,834703966938806
0,834703966938806
0,811262463531569
0,909836859034471
0,853414702845078
0,855871609466373
0,855871609466373
0,891391259796633
0,898491844941429
0,881294233632427
0,881294233632427
0,911712160310029
0,824422893961507
0,952654876182772
0,952654876182772
0,867745543455271
0,869954135150134
0,814752556083052
0,814752556083052


122 72 1,1 0,92
0,850272120892701
0,825712360341264
0,880436361397127
0,848080119993135
0,884458906942088
0,795598066693424
0,873210189508151
0,854871256075308
0,83501041404627
0,877715412130536
0,836560725043426
0,810061430819044
0,810061430819044
0,876970416934581
0,782772225751696
0,806677166494387
0,806677166494387
0,781514927178264
0,784445710029138
0,856289631675134
0,856289631675134
0,856843374993993
0,837473854960579
0,83501041404627


53 73 1,1 0,502
0,751493245098464
0,797813979864184
0,678363714893703
0,768316336834368
0,710668009274804
0,69986662422485
0,732331709193758
0,819239763280865
0,850907296631666
0,850907296631666
0,661663846718973
0,635425255768161
0,80290686066412
0,80290686066412
0,788527601087578
0,754691546693913
0,889837870391634
0,889837870391634
0,723732841796312
0,691101339420328
0,829081954532634
0,829081954532634
0,777995894037397
0,685474064826873


53 73 1,1 3,786
0,628261802664732
0,714082368667454
0,699735907030738
0,708912401500385
0,704502194346963
0,831012068182722
0,60878887496094
0,707092465512355
0,829778320909148
0,829778320909148
0,662424765947809
0,676351239712212
0,706809365201527
0,706809365201527
0,671137322172877
0,615316331682208
0,745436954280937
0,745436954280937
0,64884089474369
0,590439700377875
0,759087993942089
0,759087993942089
0,776399126864282
0,809311279249925


41 75 0,91 0,439
0,412958213765884
0,412958213765884
0,692787479311811
0,692787479311811
0,729159764911533
0,729159764911533
0,542834904522429
0,542834904522429
0,615945416882143
0,611877865689538
0,492350317406607
0,477462159169668
0,477462159169668
0,668917601683444
0,708886111364944
0,651636668238335
0,651636668238335
0,643863658170687
0,731611955783754
0,44746823554075
0,44746823554075
0,675710684639729
0,684264546999478
0,615945416882143


119 75 0,96 0,617
0,91223757778577
0,91223757778577
0,954774188642287
0,954774188642287
0,950825857498032
0,950825857498032
0,954508934907081
0,954508934907081
0,96217746901357
0,96217746901357
0,929784986863944
0,938393004921256
0,952031417749398
0,952031417749398
0,90894052449071
0,911314814301282
0,909960440697895
0,909960440697895
0,900751024025552
0,961667402145043
0,938050946297533
0,938050946297533
0,906017395543804
0,918058298994488


116 76 0,99 0,548
0,967260295683448
0,967260295683448
0,956789260640722
0,956789260640722
0,944094541905553
0,944094541905553
0,954128288206862
0,954128288206862
0,954641998780979
0,954641998780979
0,953002415774428
0,946500954087926
0,944851602833786
0,944851602833786
0,93794031604398
0,951121818458696
0,942620569208825
0,942620569208825
0,947196093309162
0,945037257268847
0,962678627927148
0,962678627927148
0,951531234136552
0,95700740945745


125 76 1,04 1,166
0,95423849265336
0,909586475377645
0,909586475377645
0,921113735606885
0,921113735606885
0,957631375885804
0,957631375885804
0,95423849265336
0,952518307958584
0,958288289470885
0,928338208483279
0,932153278280133
0,918522832864197
0,929126792359158
0,928118086911493
0,932261017849048
0,930625414167538
0,944219061487332
0,931581518861902
0,913940601764233
0,948696188072756
0,952213064524853
0,94131874683165
0,941669938244294


46 78 0,99 0,591
0,707556362217151
0,707556362217151
0,769296019659965
0,769296019659965
0,7853310944734
0,7853310944734
0,636157604917874
0,636157604917874
0,650613495120179
0,650613495120179
0,702397897368802
0,597257442567151
0,582256640036
0,582256640036
0,549932663852575
0,632982328549114
0,676633784253012
0,676633784253012
0,909837225195803
0,682858986265555
0,733689441985294
0,733689441985294
0,730858378177031
0,744263286991184


96 79 1,09 0,293
0,660484715340769
0,649985882723356
0,666605779312215
0,632087870688121
0,694568734887643
0,602240181158986
0,709985313515592
0,710647602575954
0,784073270297036
0,718854716410473
0,718854716410473
0,699568891022598
0,538657064152502
0,581424237390698
0,581424237390698
0,796502566287783
0,782398136460123
0,667906417417365
0,667906417417365
0,61640194659064
0,706212928791064
0,558193345175553
0,558193345175553
0,799986282000756


44 80 1,16 0,632
0,720790483827157
0,771445766210475
0,778895332008196
0,587384884950055
0,677703514596257
0,706604754553652
0,543409439363446
0,541374376177576
0,569910543417977
0,569910543417977
0,622759473557024
0,672005082856576
0,739497679197423
0,739497679197423
0,553324756198714
0,562432213296185
0,36531002103
0,36531002103
0,689933661462454
0,591585979569826
0,653278116650735
0,653278116650735
0,545650045013611
0,706909682945717


47 81 0,98 0,632
0,687072316376227
0,687072316376227
0,708501979229991
0,708501979229991
0,740202910880752
0,740202910880752
0,775697488108565
0,775697488108565
0,655289214417302
0,655289214417302
0,639438780329274
0,670499374103303
0,425484985831863
0,425484985831863
0,437479924966375
0,552908006469629
0,567404839890884
0,567404839890884
0,685446601978167
0,608574206021475
0,779529048088326
0,779529048088326
0,813396024042636
0,78255184759574


47 81 0,98 3,833
0,746806518601387
0,746806518601387
0,706892419111537
0,706892419111537
0,584686169521018
0,584686169521018
0,708822338081815
0,708822338081815
0,602492979266963
0,632966681633466
0,632966681633466
0,511726164878702
0,631146251144285
0,739268516013005
0,739268516013005
0,726654408107527
0,527561260239859
0,528680738111525
0,528680738111525
0,554123036189341
0,502308957274396
0,512431180847444
0,512431180847444
0,606459040387958


39 84 1,04 0,829
0,667899931291107
0,530230521781954
0,489145258493334
0,774309040935419
0,507734455694117
0,503080298304266
0,633092916208195
0,627948708052722
0,338392485272451
0,510732914752158
0,60054749824649
0,530230521781954
0,738248434194218
0,712977729850943
0,594795916837
0,774309040935419
0,908950462642646
0,534992356103937
0,578014159961154
0,503080298304266
0,72038265550916
0,639792575683651
0,683108460241364
0,627948708052722


42 85 1,03 0,944
0,632770906162516
0,769872997212399
0,654582960775368
0,554726306619257
0,729015104994412
0,501062537104436
0,598308021154496
0,738467059078957
0,765021472751927
0,734639529244071
0,748051137469452
0,785726184082173
0,785726184082173
0,650608149067814
0,684572476342911
0,625283388583518
0,625283388583518
0,691970536814257
0,521649654115133
0,74608704985627
0,74608704985627
0,761815432306894
0,713454686888768
0,765021472751927


32 86 1,01 5,658
0,68815234032413
0,658305937986112
0,658305937986112
0,536950174993388
0,536950174993388
0,637259039003394
0,637259039003394
0,68815234032413
0,665813231980442
0,67543572687374
0,729385885194726
0,662487815191143
0,662487815191143
0,722268131917802
0,593539543528708
0,634913085711696
0,634913085711696
0,548654142995329
0,713204865568883
0,814853777996149
0,814853777996149
0,78492176196897
0,780440105419792
0,665813231980442


61 96 1,03 5,508
0,665873168930353
0,60932020847081
0,589356079726572
0,498793587456308
0,601447627522884
0,440331569857324
0,515712832364339
0,691849633112417
0,588255654120643
0,743070778600014
0,501887469264198
0,60932020847081
0,804203515401915
0,536723744996261
0,556172916036451
0,498793587456308
0,685271562410492
0,836640903720953
0,582830849416305
0,440331569857324
0,536567425918638
0,539989001324692
0,669447820911887
0,691849633112417


127 96 0,94 4,424
0,84297287696973
0,81784015106078
0,81784015106078
0,646839408043075
0,646839408043075
0,750599379689877
0,750599379689877
0,84297287696973
0,665108529048998
0,686427307120084
0,686427307120084
0
0
0
0
0
0,606512138802523
0,508959936340437
0,508959936340437
0,525745153962552
0,847838562404201
0,779737336534691
0,779737336534691
0,635666016433638


111 101 0,85 0,153
0,525545767686288
0,525545767686288
0,846313480461824
0,846313480461824
0,689009853210253
0,689009853210253
0,585318341063244
0,585318341063244
0,80274626248963
0,80274626248963
0,910004061604974
0,547693219499221
0,746780116640424
0,746780116640424
0,718219666267535
0,830288530471183
0,662222425561999
0,662222425561999
0,712222297320989
0,841622314690557
0,685221980219452
0,685221980219452
0,85725177128007
0,74478238273421


62 107 0,9 0,148
0,858646923916565
0,858646923916565
0,736847400071817
0,736847400071817
0,838700341962688
0,838700341962688
0,763899583256706
0,763899583256706
0,873168000371614
0,873168000371614
0,897847813643169
0,807758309444859
0,736288129502026
0,736288129502026
0,725991686488016
0,747348087330898
0,661840777247911
0,661840777247911
0,695714380710566
0,738683394158931
0,758560673715645
0,758560673715645
0,901861837695477
0,796303561583597


62 112 0,96 0,258
0,738643505885969
0,738643505885969
0,742189493800633
0,742189493800633
0,782758634766523
0,782758634766523
0,710448829388514
0,710448829388514
0,926444601559358
0,919777756703222
0,818352459145898
0,818352459145898
0,68548401657948
0,642632124359901
0,686389106255396
0,686389106255396
0,759402403881322
0,650638455744042
0,856478273273185
0,856478273273185
0,699451533404814
0,81513876090597
0,899429058299892
0,899429058299892


98 114 0,85 4,941
0,803019032228895
0,803019032228895
0,942950003510022
0,942950003510022
0,838871661395065
0,838871661395065
0,806015349569875
0,806015349569875
0,920926066575948
0,920926066575948
0,922823221203366
0,922823221203366
0,914686064173377
0,914686064173377
0,87210125128047
0,87210125128047
0,741056265389687
0,741056265389687
0,792005467638303
0,792005467638303
0,776230241323422
0,776230241323422
0,841796435831289
0,841796435831289


97 120 0,89 2,764
0,794154509892598
0,665455000974088
0,665455000974088
0,68505018964222
0,68505018964222
0,69841733021566
0,69841733021566
0,794154509892598
0,748234598697631
0,712425766034979
0,712425766034979
0,738314393574983
0,679529298413235
0,653729192187747
0,653729192187747
0,894211434383375
0,782169185931863
0,792277653369078
0,792277653369078
0,831622001812294
0,705132492965227
0,732680233417154
0,732680233417154
0,712360135983847


118 123 1,09 0,672
0,667955253708613
0,655997595744652
0,796632046092247
0,765198103689217
0,776690120531278
0,805553081662384
0,686368518905129
0,671541753888655
0,780581288629627
0,780581288629627
0,729671026609881
0,805859057784955
0,750705267970785
0,750705267970785
0,777510630508767
0,771380919572206
0,776283435023856
0,776283435023856
0,744424262216541
0,70382570849297
0,701342305158315
0,701342305158315
0,772900839667483
0,856772672117732


13 8 1,25 3,081
0,938083993134997
0,854399876621893
0,876842670474862
0,806318589414845
0,854937742833574
0,858944908517215
0,813586630013273
0,90250420184927
0,926302380405758
0,8615548350232
0,910243382507146
0,863544720238062
0,859095943656378
0,827409958124256
0,894245202512599
0,890813375229366
0,852211704750567
0,904375109965646
0,866470016619043
0,833884185198583
0,799653768843123
0,863539597565441
0,88300904833417
0,884331891444792


111 15 1,48 3,661
0,442022845954425
0,464831801689232
0,619899309417717
0,680279019995491
0,688558505447432
0,606351752517749
0,63895149598199
0,581995451803266
0,534317592828019
0,374031974962976
0,543696202034013
0,713058191813474
0,76221137219937
0,81221117751032
0,778535477598018
0,814283998601797
0,740039171219678
0,743484819577536
0,748892611296724
0,740961751136217
0,769741457794231
0,706759256288032
0,68640120838191
0,630128685341196


41 19 1,27 3,962
0,564322016387868
0,556123991099253
0,650384798969542
0,611246826283102
0,640298873868346
0,565192783163594
0,595421309723181
0,672543489767913
0,810955264394898
0,6504669461903
0,629139856950486
0,550915386126757
0,565949725092126
0,677927624359918
0,61002681153812
0,597201352124684
0,634063443209933
0,686362913421106
0,614848109225826
0,658607652733439
0,572271896731138
0,978575612271409
0,779031012818521
0,765026850734963


99 39 1,2 3,921
0,55547384955037
0,55610293078325
0,571429176815478
0,652828503927924
0,58498063270648
0,627966717587983
0,615686232701138
0,560987305088669
0,644470296564619
0,545790933110579
0,545790933110579
0,518139685389564
0,641619204184168
0,681347992629403
0,681347992629403
0,618228306270145
0,557080078159678
0,594572627473575
0,594572627473575
0,685807825267753
0,411679873587093
0,644889652682632
0,644889652682632
0,619656817637367


63 57 1,24 0,806
0,56764719120762
0,316968979003757
0,392206966042025
0,762058771898369
0,539140686640989
0,401604831108148
0,439716434834877
0,540585491749041
0,561581378746664
0,709944475894296
0,503556716997604
0,503556716997604
0,457548646154628
0,624302225803585
0,658364511128145
0,658364511128145
0,67683644488405
0,632638171135578
0,658163120596025
0,658163120596025
0,665924252175858
0,550162223796946
0,493045935711531
0,493045935711531


81 66 1,17 3,657
0,737449463816705
0,788611176687309
0,832796496993271
0,482734351813397
0,570921966135785
0,664221528769378
0,624444766713825
0,718350228102525
0,811151233336011
0,735018399364121
0,69963203580037
0,725201567279977
0,61806211491633
0,677039742701704
0,503112544627469
0,679319539702127
0,60220006877105
0,410605553095911
0,556209800132924
0,570129469224781
0,594217382991175
0,673251234750169
0,806591911954396
0,859366088050291


124 67 1,23 1,174
0,737855389232374
0,786952276461249
0,871429080354789
0,855478460118998
0,787758886831228
0,806481631393873
0,825403645769608
0,735533722502261
0,846252700730964
0,846252700730964
0,861245756174081
0,833276648683608
0,842688618910997
0,842688618910997
0,870008143977757
0,810955481552981
0,794790749792128
0,794790749792128
0,774649141111725
0,829088967350289
0,877067616043624
0,877067616043624
0,759285097646009
0,744116340611656


76 81 1,13 1,058
0,41620873151151
0,813880196164187
0,49924388347367
0,641829159121139
0,840055078779295
0,706302902856436
0,735255449210701
0,401611975345247
0,650515587514563
0,737685696634869
0,852371446063018
0,601095381777575
0,601095381777575
0,571145115249852
0,833013825414967
0,597154698850623
0,597154698850623
0,679577751987282
0,636457279626227
0,58640944853144
0,58640944853144
0,690900140074498
0,577811736042927
0,650515587514563


76 81 1,13 6,103
0,556723507383397
0,494090168059193
0,515830727208862
0,556865977010341
0,468561760787283
0,747884571574194
0,628221208669883
0,758374185996582
0,608818575401827
0,626591532040402
0,433884724595438
0,433884724595438
0,544064864744955
0,765287803954559
0,579199230921967
0,579199230921967
0,654797969098688
0,792867753634953
0,56871604648646
0,56871604648646
0,508640896684646
0,625009113063685
0,492521650171611
0,492521650171611


110 118 1,19 3,79
0,826284700183318
0,848380858934874
0,796471790123007
0,714314723379422
0,77931151559489
0,847699779792231
0,816866767996784
0,604318119267642
0,693850516084339
0,763509544415815
0,872658213794125
0,802996766362273
0,733104064607632
0,813520591137626
0,778348967899786
0,79809568864285
0,772544515215879
0,720617048373283
0,856023225569796
0,846715752868611
0,599074510162403
0,744523858362006
0,731379425116643
0,657620169118628


103 119 1,31 0,019
0,843562880785319
0,776806252779501
0,848944529813185
0,814662803071372
0,813901541934545
0,787556851397748
0,694548954580327
0,748620925110336
0,738705661354806
0,722501393216357
0,82015932854053
0,838187180330159
0,848112941140179
0,798992792380001
0,854669611891229
0,767450278236179
0,749697121541873
0,741640572522864
0,761823366834098
0,871540362176963
0,789545543797695
0,63662030682811
0,67294278518053
0,693563488417796


121 124 1,26 3,539
0,641818839800616
0,759706271359519
0,859513127576791
0,665437229132365
0,657734521462378
0,760894134652357
0,834563777209653
0,705423774127246
0,560573497542847
0,522654390743969
0,778784137631884
0,900593278247775
0,900593278247775
0,720531540201135
0,730387847973331
0,811102712358197
0,811102712358197
0,634595835345918
0,758552407423387
0,863015246843522
0,863015246843522
0,736717134684692
0,614136270472043
0,560573497542847


6 126 1,27 0,102
0,719556600306057
0,725591913108093
0,636008251036103
0,707170908177817
0,606119294399211
0,727503249977471
0,733448720353535
0,753382349739267
0,819829171034508
0,771101387012638
0,634463380162088
0
0
0
0,565089996116196
0,84255167058963
0,806684796568854
0,706749854122917
0,532703993218779
0,745949294478728
0,827324036872591
0,662082135816707
0,610317329430692
0,797134944386884


5 19 1,75 3,809
0,793541467936041
0,889505924178504
0,927200042237292
0,8656118658504
0,828718577037939
0,843257132484004
0,854927956887322
0,851762074764171
0,748945537373602
0,752488919948837
0,827913753677919
0,886722787364539
0,892420990773131
0,754457869631238
0,738995440521406
0,740634790180977
0,751665367285837
0,788187122459489
0,774290011583795
0,772347725505652
0,825044357275224
0,81399143856719
0,807467307940446
0,771265591056052


5 19 1,75 6,159
0,880309051888052
0,811611766547994
0,800167233604254
0,797317463511248
0,802039612694903
0,74466625733909
0,874864573166186
0,939967729079096
0,782806990830678
0,778875791016364
0,758029565371929
0,754809725845495
0,723628027264362
0,721467856649552
0,722940460164868
0,748094677219639
0,749820951915879
0,716041015409093
0,692657276600673
0,718050516333539
0,815932216484406
0,887050237564615
0,914743245626753
0,807928544350196


97 23 1,39 5,735
0,646918474475508
0,599919135318037
0,557711807135698
0,700626055899841
0,779868485677101
0,770657901992408
0,655136242783605
0,593914500446636
0,76350983154318
0,663260418637686
0,630703357130842
0,65123809636656
0,679323567160325
0,62908648126704
0,757693313893187
0,776790447806029
0,720033833658287
0,711387116256677
0,706643912833648
0,69006237788937
0,746468155739597
0,630505179211235
0,594822823695552
0,719519287822504


35 35 1,62 2,865
0,699359277451494
0,717768521648831
0,674620604543001
0,635284322552887
0,598362254168364
0,656445837738477
0,619482092603086
0,624078927174769
0,913313626710497
0,928879870195033
0,755109535336882
0,809396069905996
0,718631472134667
0,615477091198165
0,570628293514794
0,48600398769608
0,512431527692511
0,510975597467914
0,563074403603182
0,637855461121574
0,659037237957198
0,678801691873119
0,651284463791664
0,724024917159818


76 41 1,54 0,65
0,517263697029155
0,687213794505315
0,717675496628589
0,722266113520308
0,633753678024791
0,535539856745381
0,420565845020006
0,493439555758045
0,571553162911062
0,580451566650305
0,641404193506062
0,785176332293325
0,825519015770201
0,747012095522871
0,720206580713052
0,625948269780141
0,604549143662529
0,46296281605472
0,481987124302394
0,486835128509511
0,602225553464563
0,657981614483353
0,771368616857509
0,552924304070412


70 46 1,61 0,681
0,717240853739697
0,692414166087646
0,641747644441536
0,6656550765396
0,738957107803631
0,698475224550714
0,68271125535629
0,67457867189599
0,572429335998226
0,423935676754255
0,485664455516929
0,593315247203244
0,595475480963219
0,674824802354665
0,778615275747268
0,844942516912361
0,764416171088056
0,767106774212306
0,7534195431451
0,745383940994058
0,828883785270302
0,827075388237592
0,878736732057873
0,676938666980307


77 46 1,74 0,566
0,730106576795221
0,691605652400699
0,726624896193133
0,741763396364973
0,74055861571623
0,752105988831053
0,710902469430646
0,765422594662177
0,588517530721131
0,597863440052025
0,665341862589374
0,739307926843044
0,707753409469242
0,699575867716711
0,693592423385579
0,895522310850952
0,831262831156169
0,839931490568075
0,773234610023721
0,740457853623343
0,675169423810077
0,765782176246901
0,653907183776626
0,58878006383207


53 50 1,61 4,135
0,739506592520514
0,718949947206009
0,75034280664899
0,7257319822004
0,661637387190582
0,745718760353225
0,763299304417815
0,755537423575597
0,710677369432032
0,586507711747721
0,561059923432855
0,645171240652046
0,601688373742543
0,615126574712869
0,591930590940218
0,726050679479004
0,581448347508821
0,589802906147834
0,623634282850456
0,759641773337111
0,747499181229443
0,834917400764558
0,86644216922004
0,768832899178815


70 51 1,6 0,671
0,612622698326844
0,672187390628413
0,722773544471604
0,538949172336399
0,566015711376708
0,596727479153331
0,487146450393032
0,633696882626797
0,73187948781079
0,767350189412725
0,746098381944789
0,706180757994916
0,803922451205231
0,685825195669591
0,53665802171215
0,666366894715594
0,635565201923842
0,578163614948861
0,690973010723283
0,686653946839678
0,419959810332665
0,566558402603156
0,719829962615429
0,68028110997268


73 56 1,68 0,251
0,664227773755986
0,666966266996692
0,706394385506032
0,677909985641637
0,738956005007318
0,805887828612871
0,790202677467353
0,755795922547773
0,603292343640703
0,692391554690741
0,70610376430934
0,678261076979844
0,652949933528454
0,608436587748235
0,561698085671401
0,65135439188387
0,735764852616776
0,806836652468884
0,788938578757948
0,736915262307252
0,751799342330694
0,754426847626312
0,859053548814346
0,735918371502704


87 56 1,6 2,934
0,796591342136386
0,80343124579796
0,787823120682141
0,760212997961294
0,802450222471741
0,814229907629927
0,793008722851861
0,759016576612837
0,826856273552173
0,813992446219746
0,817981836028591
0,810632432565859
0,792640692478054
0,793244379915896
0,683914744854617
0,77136826175092
0,855369519060218
0,828357201881985
0,822032461336846
0,805824142419895
0,814870864703258
0,786097920769889
0,837753709404627
0,829251160572219


43 58 1,6 3,828
0,627339721435855
0,678309776281199
0,703482691969704
0,638266128407646
0,637547891772495
0,713094303391293
0,743770800926292
0,6793971001412
0,635913511157955
0,627087104791264
0,658555870583179
0,714113890929114
0,882022471910606
0,793387915935579
0,767940841549696
0,756676627716942
0,643932976118278
0,651597801711267
0,775826862461129
0,693089957986859
0,653279732825121
0,711994183626801
0,654405710198468
0,645288673605179


71 64 1,74 5,542
0,671616421521807
0,710491129573776
0,785004788925299
0,891007972779214
0,929701854516712
0,77775275130463
0,696627712188717
0,69084853573059
0,658721162037103
0,709217210397015
0,631964340858431
0,643338576322125
0,711570580039171
0,767076975135319
0,8875518759127
0,846446176665487
0,883293680876036
0,871991359808877
0,783808056358257
0,728076112122477
0,729740688417305
0,594020120623115
0,653822569916061
0,68256522152839


47 75 1,46 0,477
0,566539273053787
0,723437402628421
0,783222395723514
0,741684132255716
0,704147033816166
0,639078619002976
0,597081008180978
0,572021832360626
0,501396660025428
0,554659340733507
0,696238559588154
0,769823377913393
0,727902348601985
0,797016405699707
0,806262636042087
0,725538494759903
0,664751647048246
0,659895846907349
0,573961965031245
0,586002466201531
0,570808318264012
0,479205929533818
0,442385043643124
0,45957044272125


69 83 1,74 4,865
0,793141833835559
0,829455609151197
0,760731852325147
0,739755577943656
0,746187545646212
0,742967783893821
0,772035270418358
0,774265816664177
0,676777632823755
0,79311327290169
0,815925670665046
0,75724573293378
0,702029709411153
0,693845462631469
0,716723942452448
0,711092119425261
0,725097203684161
0,721240909525498
0,697773797213825
0,68828117940334
0,720911978485793
0,761916832669112
0,709086080999974
0,660322324198039


105 96 1,47 4,671
0,71575916217356
0,681441241804791
0,749286482988409
0,688875333965527
0,68360522811578
0,685049387978271
0,696803006694322
0,673990385056396
0,692932993669782
0,718360669016192
0,718360669016192
0,758779967081964
0,776538608430394
0,728226750204801
0,728226750204801
0,695074133725936
0,63032291724959
0,680288753987282
0,680288753987282
0,607182040965911
0,590189998990956
0,617226263924804
0,617226263924804
0,683466929111


35 102 1,52 5,94
0,574543292297679
0,631231168377642
0,67688891535614
0,639453488899344
0,788045571325505
0,685635851864208
0,752191251217089
0,66343872376196
0,690778991862209
0,629456289178715
0,697777881990846
0,672408291122622
0,648525438108614
0,711082952433829
0,664108955215432
0,681711653199751
0,693872996728928
0,617175919740168
0,728788115837185
0,882236618236107
0,823121196457958
0,659529111511518
0,658030470276771
0,726721786621679


81 5 1,99 6,052
0,84249169657217
0,799355376601845
0,733877707745797
0,697518399429361
0,785215843727033
0,797820247669151
0,895678201428732
0,878211136598604
0,780307517984711
0,772644637779729
0,861772712054125
0,813367552900854
0,756675911532092
0,651993234046094
0,583421599416884
0,592504930675775
0,715854655753161
0,696503386908009
0,804505607451407
0,825159520033445
0,939594293618801
0,896645211909518
0,834087461851232
0,812587330285642


5 19 1,8 3,911
0,80041080476196
0,891389748070492
0,933947511183282
0,877546178128659
0,801447718376224
0,802326750933185
0,868210419437963
0,863854406493725
0,757002631989753
0,737780151993887
0,813416311487206
0,942797644005479
0,916135771585989
0,786460005103465
0,753696926391219
0,786115699645936
0,75746759111555
0,711961312086967
0,691450203411093
0,761276598025191
0,852170751896934
0,858888853297719
0,841515702891785
0,752309160575947


5 19 1,8 6,116
0,89073023416243
0,811154847533651
0,791038507253827
0,794520994419423
0,804809796329022
0,7575321307544
0,875471454964543
0,947670770720948
0,791693660322575
0,783844553435275
0,778852483231117
0,728827143392958
0,693756023514923
0,689529452914196
0,736972676675243
0,77598836851326
0,778403238145512
0,747679790408999
0,711090275548813
0,719814561824332
0,819916007870301
0,897257749213955
0,927109857369154
0,817596306495826


80 23 2,37 2,419
0,911847782910955
0,877057455921978
0,777291823487181
0,702389341398347
0,726028491918933
0,764143608436833
0,811124075702996
0,901908245888395
0,712928403926293
0,797368458702292
0,884650369983531
0,919374342437888
0,800801252285816
0,680023962850442
0,643874898451279
0,659840516367131
0,637348391056801
0,653355007096623
0,663017250456075
0,707767388157868
0,787912583314197
0,927410640172368
0,780686467332279
0,687140392591774


87 24 2,37 3,141
0,745427332275198
0,750058923656218
0,810669041817731
0,776840233195154
0,755154191679592
0,718202873259179
0,65813033095414
0,700988234753007
0,804619817797231
0,781865829891015
0,792912614473806
0,839258975425319
0,851618688359433
0,851521552792563
0,853135431367091
0,823970486195489
0,79928459248337
0,762576248865221
0,718318950187865
0,649594580551637
0,637838666967695
0,708641308334025
0,826126467049513
0,826228494744547


81 38 1,67 0,694
0,60904163903776
0,623353650478091
0,677244363973654
0,685938645593759
0,634895894729475
0,618985589403203
0,678870980761348
0,693615920315727
0,567298152388574
0,460651490587905
0,656384999561021
0,597351832459433
0,529474296970346
0,573358759498544
0,60482595742008
0,622046499882786
0,632121165070278
0,644491406424656
0,634511399283058
0,677122952010421
0,743278937585475
0,685756990734712
0,698457198563408
0,656180444458003


81 38 1,67 4,7
0,629281268065296
0,701844948948512
0,722676118161353
0,699037146886668
0,739715823081245
0,694572756212259
0,625816778651103
0,585389005016699
0,660379545307172
0,771962486012001
0,789863021875649
0,777953110973954
0,80121093433351
0,664217946813036
0,613484638047644
0,635646183581651
0,626244836283758
0,552058259178719
0,652239548419988
0,518088032548219
0,404862750636192
0,519859001935008
0,596347204532315
0,630341414244159


86 51 1,97 2,983
0,810587992236952
0,882708193864832
0,84510502782345
0,749622777933878
0,736407739282876
0,714143617965455
0,695608886132158
0,749573610567391
0,883983451078178
0,896119902155105
0,82685068099211
0,769256340515312
0,741238946884931
0,749565430147033
0,772707885456225
0,793109621856407
0,73949908949335
0,759701379432951
0,788981970641585
0,783620731024784
0,742136110900215
0,702157775476181
0,688788517293767
0,764351753348073


86 51 1,97 4,144
0,888203778131313
0,848757548300677
0,797299445457269
0,710720624899903
0,708749091916523
0,781671567551607
0,806676924458385
0,92799944227962
0,768317101595106
0,731779008810138
0,77545845352796
0,836720196785142
0,802961732240656
0,743654761300943
0,741426920743337
0,774401153987637
0,779764276800469
0,771963890526001
0,776993594069338
0,777936396027927
0,80829880140853
0,887794489104802
0,902170783472454
0,834326364339214


58 65 2,09 0,598
0,846087732138387
0,84672107387371
0,730563335672719
0,682737718509454
0,673355177615903
0,573948783045264
0,673505038892717
0,765739839731522
0,816464971322993
0,813371035284765
0,89908359318787
0,901160130380802
0,753249312686994
0,736498559846358
0,716751533836715
0,719528561897365
0,708364843510641
0,694703730084599
0,753095413820144
0,704104146278089
0,700463512821679
0,735972344691456
0,766730132556141
0,752728802994986


64 66 1,89 3,944
0,83096245888219
0,725152696525491
0,740607268019295
0,704625989236413
0,662711912886493
0,672241918218902
0,727922016558438
0,836313301622534
0,742039679394506
0,695073983740801
0,728663260926147
0,689328118093152
0,731435510929519
0,803965864454121
0,821195026093789
0,779680258540563
0,723903898804279
0,64066816327434
0,658843847979958
0,69324433070274
0,756988668303039
0,874642252395325
0,786957642635466
0,721536252618789


25 87 2,14 3,343
0,869323789656293
0,836466840366642
0,676615896091777
0,49500390436293
0,468853879502037
0,486650285512761
0,691723846234093
0,8097581850634
0,787123962309238
0,87315553912524
0,811607437052794
0,683815577090723
0,652262323951853
0,525625419422096
0,571464442343505
0,771588826671139
0,763338197110844
0,67789035867406
0,641748974312216
0,685650510733637
0,698188117251548
0,781263636257702
0,873782338996764
0,768191608033438


70 88 2,01 5,614
0,836010531124918
0,864717607610253
0,854463756350403
0,882183198868167
0,889359876383342
0,786183903864846
0,724924115204583
0,821986093329079
0,809317119378528
0,840694559257977
0,825471491117298
0,766662866383409
0,698181858948858
0,773361070929695
0,844295722264355
0,846322328991816
0,857450699861838
0,86621065688703
0,860933341452409
0,844781736380082
0,767598666803304
0,761907394779177
0,765790067906479
0,773227145588332


40 89 2,08 3,668
0,674193754156685
0,653661788524318
0,710762042460467
0,603246612852764
0,65772056047838
0,686975041474339
0,756883403642565
0,775827171459552
0,799990457871082
0,722208280840738
0,632037076233634
0,761791323590425
0,647657273850066
0,597441498840686
0,776543835529784
0,721552756876992
0,659406249083927
0,693068456383685
0,685425164247744
0,806722059763055
0,657667435691973
0,737504516149737
0,819957614582025
0,853486694326448


73 95 2,02 2,731
0,762689523252876
0,732491824720936
0,694193911141868
0,703953357970637
0,787847831129772
0,844692305679032
0,84131196641201
0,824697051481595
0,76312164829145
0,740122478930183
0,669448481243375
0,634105578114138
0,58969639012839
0,614932782488971
0,608991832081545
0,686071290540373
0,76056023178794
0,851976860613271
0,887643301053102
0,896505427427867
0,868787898109037
0,829660117123847
0,745657359450933
0,778558166021284


33 120 2,07 6,181
0,663635682408892
0,504394342174098
0,546783665222999
0,515064696821913
0,570810491580775
0,423249367545109
0,55024151690545
0,700223401435679
0,814782151544463
0,580076788274265
0,574946787546767
0,57230562749182
0,64588055169545
0,646990094170324
0,695158455146386
0,704473560765204
0,752318288005589
0,637842486407151
0,685321709938907
0,536889740524709
0,708886182311933
0,800085948999896
0,825834162745005
0,758034016376238


87 24 2,27 3,179
0,760803331218858
0,769362139116587
0,855096730785459
0,838597367632787
0,786476787708116
0,787502550030659
0,703298447233497
0,728946864194533
0,793654071782076
0,781443538669638
0,770605303716016
0,792472567870737
0,849966424660406
0,856553171203663
0,870701954771458
0,860558190453199
0,790023605675198
0,760915376030943
0,739990646209753
0,721132172807521
0,689501411163987
0,711804318334598
0,819053803840303
0,829267555937596


94 28 2,42 0,914
0,883590765105636
0,840350563094261
0,790038417044967
0,749598340102264
0,802028523732843
0,851748256466681
0,857479158799799
0,888079929950431
0,809362496733287
0,806713340212462
0,88455023594812
0,801698153806172
0,6873910711874
0,623223057571104
0,666023420690671
0,704578129787038
0,789046526604063
0,853616662255306
0,858571777817547
0,794691147325411
0,817231027563509
0,840902943160209
0,883038763894515
0,790880438768051


4 40 2,62 0,081
0,896466861498421
0,83693607002157
0,666886291669223
0,609972628320478
0,505574278606415
0,554421549669247
0,770895246796123
0,862768223137381
0,523730892300839
0,485114770699327
0,735148458901779
0,863517639740245
0,720799773056416
0,505346951174969
0,422208666059275
0,530890502777067
0
0,373938240492303
0,293013762709496
0,488460925813492
0,73743539327519
0,827373310089673
0,774598453477792
0,588188524388969


64 41 2,19 4,82
0,574011109506696
0,616485198124048
0,667159550510992
0,688809587725704
0,757855366104856
0,742558783967003
0,702757075994772
0,700489419473171
0,531858797928721
0,638918927963037
0,690283424882153
0,738311494925053
0,750087164653379
0,758678986013738
0,838429689828094
0,852177428995209
0,827326206217611
0,726946631777825
0,728240880084158
0,638444353196056
0,647177291112522
0,663445617258335
0,593782805059073
0,594697886004731


82 59 2,65 3,395
0,779311928752413
0,782445797525708
0,774012414153182
0,801736780129935
0,776506400735045
0,816151940598224
0,814339177438972
0,779642342489464
0,697923384882641
0,753178680116064
0,795635113893277
0,832597176448472
0,845800761840562
0,858117403134662
0,855954959686311
0,875006138130534
0,845640880212467
0,790704059922615
0,811344353422271
0,842544089796648
0,825407298688474
0,793215537937797
0,739364201825918
0,69664968195852


63 60 2,52 0,751
0,617497378423104
0,667531063249382
0,6317334022014
0,716893925755587
0,787214314182625
0,802580638783253
0,690288740227282
0,595577198555559
0,736769135897252
0,783709573880311
0,836563481531298
0,822949274767861
0,641585171670866
0,644251950337683
0,794911212029314
0,841687582400302
0,869728833557526
0,89846240025342
0,86464723164437
0,808073864805225
0,658080781538873
0,585509893755016
0,64476558411539
0,720736367253847


82 94 3,09 2,095
0,852100924643101
0,834440521849751
0,796621413686022
0,766207904362568
0,686570323269952
0,684041709881721
0,727563898646778
0,780467112308128
0,866265435496527
0,977678100306082
0,918908102810113
0,816608929483127
0,661599603900029
0,664025914353792
0,755535990162438
0,830877486302617
0,715349637689736
0,67231320703398
0,669154544541255
0,72870366218584
0,753161533308831
0,772644720611
0,825990547481703
0,787690310758875


109 101 2,57 0,287
0,86587191663024
0,8497942476249
0,733360629713328
0,724222200102085
0,710253499451401
0,65088568529224
0,666473293282464
0,813415486236688
0,814879930282869
0,887039110605374
0,895596474343894
0,778545450845761
0,78447747022613
0,769752768429526
0,743895429882532
0,736306764836509
0,744705182371068
0,65747149694603
0,582231048943982
0,589963304371921
0,68659633947521
0,825438145611503
0,836205228170174
0,769634954138755


111 110 2,82 3,592
0,676344210558108
0,712649424484237
0,77398247264942
0,796484951822416
0,806008496615002
0,717768438751067
0,617120085988733
0,604544633451571
0,72614131972046
0,680097126306127
0,710828697482943
0,870628135549082
0,814306252566637
0,865828335410375
0,900854709371445
0,838305009592777
0,764917510334076
0,850007807947714
0,874970605072319
0,843104219137286
0,740164695752465
0,659032517939791
0,690334532384422
0,750056992158268


88 6 3,3 6,022
0,627949591679661
0,690319098705502
0,803714707886779
0,780446332567498
0,822889908336267
0,866318279205385
0,809359981020355
0,704988914483616
0,679379430976382
0,691092537328523
0,727461255803897
0,796531531210428
0,821550938857928
0,809964220280588
0,737539640694587
0,688746881288472
0,710694628659257
0,789797306419705
0,936353958416834
0,929110121792772
0,854224619297817
0,741087074250698
0,620797496054036
0,638650066234992


101 33 3,14 3,317
0,767134214906455
0,797312036450481
0,817662636760179
0,832874377631584
0,855998045491567
0,707605995337732
0,626102976111592
0,688386526783527
0,904833005061792
0,88905556263368
0,860350276054582
0,804760323092397
0,837267420386883
0,926174724953374
0,904062642489033
0,846648321798974
0,827962359474062
0,828932223237357
0,754676301959121
0,786591409093451
0,637552119950333
0,572434008549232
0,691985211701499
0,798084303265313


82 58 2,96 3,481
0,792876644598386
0,785442424531048
0,795687714537056
0,823058915862336
0,798080665236353
0,762448907231327
0,768151396021492
0,802751649440569
0,807554680891299
0,806338060222464
0,808259789480942
0,848845083094864
0,89547157556839
0,882319642962885
0,900142965312337
0,894371268431217
0,898334199487034
0,849703586255853
0,80994458604655
0,853928868947178
0,863232283329303
0,860020810231095
0,815555748655036
0,815781502237579


86 66 3,15 3,518
0,763856515426187
0,78545787694077
0,806830744586443
0,800814507892155
0,723025834252192
0,601606244577686
0,545823364507649
0,655673001647641
0,798728649691704
0,726536952432152
0,755395738560442
0,846090983112408
0,887958493595088
0,837969682413002
0,83144901874685
0,85212144504888
0,818957930356025
0,716275080650407
0,651205197560831
0,555376697427475
0,500291383302336
0,592922503688458
0,743938487324239
0,851378595016201


66 74 2,95 1,367
0,65858368650694
0,650940943023445
0,656872007058929
0,663388191815574
0,704851250142221
0,714322008540391
0,663265847384749
0,640999298928545
0,716419959127933
0,6497436366227
0,639630640573566
0,639737378727368
0,651229604662785
0,711382125126795
0,749682899254572
0,785796506606873
0,803936132909802
0,848770923514864
0,801087487154646
0,74475180062055
0,715513012315243
0,649064414076721
0,636968494336522
0,671448896510562


66 74 2,95 6,013
0,65194278281892
0,654340719584176
0,674702746604823
0,656907019914438
0,661232615470173
0,667560788651843
0,700938518614566
0,696628991806256
0,710669258908314
0,685100114987057
0,635504119266778
0,697166895760472
0,739365164321791
0,689764068282769
0,621461100580405
0,61438467190098
0,637784224737454
0,674355776954358
0,731843146709041
0,777474896001285
0,782571444108304
0,805289394663195
0,848552742823632
0,729781855765856


61 86 3,3 5,827
0,710444213109415
0,813299008582074
0,712501508143055
0,633012459894419
0,650756856283237
0,658798629696522
0,58003263218477
0,661093710500454
0,796101341271954
0,812072430814553
0,844029134954616
0,78380501877308
0,767274662382057
0,731189375031301
0,691915831235204
0,667505874470792
0,68872919575096
0,704455474153316
0,669280331929183
0,665104157023358
0,607482843582293
0,60212918869601
0,686091369868558
0,765490148247079


98 90 3,73 0,104
0,736591420410186
0,740464889691252
0,764513525951142
0,827166397880994
0,853219507858138
0,86959536104129
0,734722135080008
0,721600505090931
0,762171894545678
0,738724821753844
0,724556177306594
0,748297769134733
0,77050370644966
0,833928066019463
0,73870918230265
0,655584440092652
0,688270144270151
0,735054358631818
0,889366284164348
0,914146781486943
0,739971234037181
0,662743156261716
0,682476156920932
0,745196927870984


117 96 3,44 0,071
0,805149510640459
0,829667051409542
0,805367840733459
0,787966598738798
0,79728115327038
0,764209334945638
0,658086807255425
0,716364814980002
0,855659907912022
0,784525215782477
0,827242060974791
0,906951056644002
0,874402568045521
0,843819069625496
0,887224348589024
0,859901389764665
0,786331709086207
0,749033620096727
0,786788947656876
0,747179783014043
0,663827679084046
0,694167067418878
0,747751001921475
0,807307229952207


117 96 3,44 4,014
0,794087680115727
0,707952050994715
0,728203186592441
0,809023946633266
0,815117068861829
0,766429735297762
0,79516603687001
0,809160761866385
0,834125869151665
0,838116326649506
0,714345528046671
0,681445295869451
0,735807639972718
0,810224001755363
0,88351445002519
0,831329233132427
0,826644496190215
0,860944747622643
0,84455518801963
0,894229265854097
0,856183403114164
0,791652235799394
0,76764604829379
0,759001127495867


84 106 3,4 2,265
0,586202561950363
0,614535136098124
0,714516920290974
0,768516857602354
0,852889753966669
0,816775028855183
0,653273190459591
0,580582026167469
0,531243104614394
0,559153236853489
0,618913635993504
0,716047594453552
0,784525749254872
0,891226042243871
0,882166792088614
0,812858127759628
0,856769667039068
0,870680327883425
0,895119156207463
0,849747635769279
0,758042051525062
0,681733258344769
0,574532323599696
0,535155495998706


32 108 3,24 5,906
0,595248656797154
0,576893291224994
0,542206152006753
0,552702968810698
0,679792265246189
0,710357636259655
0,779396575138008
0,542734959760135
0,774679761535594
0,726583991058477
0,575317245512083
0,585714505428954
0,747894519118968
0,687255645993531
0,603210936594952
0,660971528597211
0,607445247874878
0,638689301452358
0,761247441223455
0,804549292172055
0,811816425804846
0,701564806253807
0,699365335751797
0,741382627970647


41 108 2,96 2,929
0,727960475448767
0,649764222867227
0,490672813790585
0,507434270888055
0,541906205282472
0,520238385726626
0,639932010819678
0,733908548289605
0,711931003558744
0,747029331652723
0,755648053051716
0,700304043581733
0,556047439406345
0,414335775029615
0,571958487884999
0,661700139481841
0,605727701983055
0,581351050877016
0,472687977013294
0,519677486399087
0,54264705151109
0,570827900098562
0,713067729912542
0,728738917186967


41 108 2,96 5,951
0,597566308999927
0,57535961588016
0,635475208368489
0,699045635928752
0,807536349223523
0,798301231562803
0,638511706293448
0,605961898742432
0,717399729869677
0,644001758338536
0,51721786647719
0,437972346390318
0,468995036072925
0,464674813785958
0,601379389636222
0,713868901997397
0,730597902353785
0,69455207612497
0,710741128131194
0,776430772154742
0,626089275180194
0,600802261268374
0,509545900548796
0,73098485585917


108 62 3,87 0,326
0,626075478009147
0,609182442663457
0,65096904018825
0,699090430946835
0,689835353197816
0,668708159803355
0,720312652413927
0,679563023770415
0,594458511526119
0,568491819138998
0,551581072592631
0,57015811917211
0,644949294004881
0,823701519301438
0,838632908543501
0,745266090774017
0,666657996185123
0,675500645309153
0,718280918449721
0,774347009248422
0,752733573981634
0,705678478172626
0,69423497873047
0,621797503715367


117 95 3,71 0,032
0,80003799441134
0,82203778627673
0,799320973884438
0,786534967689461
0,799089938177317
0,781671857783981
0,698175253775155
0,728272448843957
0,892852396084908
0,83955266083884
0,80361916793587
0,90143368115819
0,870640780638467
0,840502930413983
0,858259462816904
0,812778730903612
0,73825913074978
0,738400720037328
0,743601030622909
0,729062687408447
0,674389275229932
0,700950037039792
0,728480897550842
0,81049902992054


117 95 3,71 4,107
0,818064142209369
0,737109273063023
0,757345855556726
0,80136392545913
0,828823796784638
0,783103726333598
0,78217833126013
0,786275508311752
0,822409064300059
0,831473987780677
0,7539740388178
0,729417352374281
0,764902196467167
0,852056521542887
0,892779375543477
0,812261442593188
0,821839874673319
0,906556305989245
0,863522249493775
0,880673238707335
0,792569355198407
0,724188399027532
0,687564576079928
0,712296206423509


22 96 4,39 3,24
0,86982341398507
0,8491281489616
0,703704151621234
0,581679406137468
0,586447750393674
0,681943647964027
0,805918035118533
0,854126482478047
0,81373387208549
0,862263587594096
0,914969132149147
0,842592213718276
0,649287800584166
0,509365928886458
0,509017248439725
0,622569711765175
0,537591705786784
0,593255331948371
0,709382262977045
0,778508395637477
0,813059400159784
0,874538169405992
0,835908920692989
0,801109072969804


84 106 3,67 2,202
0,597113931140638
0,62200704426693
0,707480060510084
0,751148516464811
0,834685960092906
0,821302893216717
0,688953043194838
0,623767655829052
0,596553380181472
0,597908768622576
0,628783119326702
0,703320361808521
0,799250619754868
0,88707585394012
0,868782942773157
0,775600575391783
0,843816266452526
0,877419445797144
0,885846959650871
0,915828198499477
0,807222199006891
0,735966705238694
0,685896049300729
0,635244197311697


99 119 3,62 2,966
0,70643325385524
0,676697112428386
0,609835052350555
0,622502996416414
0,661416784783757
0,6332631480146
0,572081843171559
0,681940018578831
0,733648286206271
0,859795126904579
0,898979919267071
0,716901369246601
0,613543954232605
0,578754773098715
0,60099067798408
0,656951914847252
0,748345037669602
0,735343925732889
0,731946546406726
0,697966151823484
0,69809929509815
0,760929895435625
0,761875767544155
0,709863046605535


112 28 5,09 0,717
0,777659870681104
0,776312195703096
0,793423928980632
0,820578689698389
0,788287593646579
0,804523820179367
0,703110841484487
0,738402707056286
0,819706493204359
0,834086661717253
0,84671114177017
0,811867523473773
0,899175241655871
0,848235671837866
0,883346275135204
0,827856606791532
0,812430418637939
0,855982549753839
0,938242449827853
0,768262788508069
0,575777453989054
0,644031330851207
0,739146402058141
0,785967732682281


112 28 5,09 3,441
0,796649580142106
0,814659734543957
0,7116926997455
0,746829090836704
0,790607079970435
0,763988821076858
0,716529039287694
0,740066262418978
0,853242875397036
0,848226470990943
0,870633234840507
0,930010704775659
0,793195729671052
0,612485032515104
0,75451126388625
0,800665839939447
0,803718294177689
0,800595045104018
0,798819337485509
0,814832166589605
0,786359558640717
0,835390138881668
0,805870247216785
0,871674689621976


61 49 4,9 0,319
0,678144080598048
0,702499245745268
0,681847112671357
0,611611735934967
0,588479241117729
0,65395887829553
0,691454975333779
0,699029011681591
0,649985687007184
0,65472697797269
0,717200087191419
0,815399680688088
0,773522013275874
0,643864044903407
0,539923339260545
0,494263827090392
0,55955374004803
0,62228492530288
0,621183887232034
0,629940544158363
0,600720291029941
0,666036197805018
0,754412727977387
0,754198382864683


61 49 4,9 4,985
0,692398648597309
0,708454124355964
0,678260023473582
0,697200008817063
0,659658431950566
0,586044231703831
0,577091882339117
0,663053494476038
0,61660682153312
0,677299374819539
0,76269664690938
0,764047683827031
0,655386623522906
0,64523504689739
0,729704847449584
0,803562996043937
0,79692393082518
0,626865335279599
0,492898263571773
0,452650884775429
0,56157958209642
0,651986219072766
0,661197244091553
0,643877252400969


86 93 5,26 2,112
0,801343736829912
0,860203321160397
0,824563605546335
0,756821910625884
0,613275755040786
0,629420362769531
0,703523448419026
0,766058007746284
0,753262100468268
0,896059689747685
0,936145878918915
0,860938372441736
0,810187517944123
0,857703439577644
0,829365038998062
0,761162521373461
0,632158754105392
0,591656709197522
0,532546717235306
0,567776100404792
0,689543607828841
0,817235527399843
0,882955629316327
0,779869446262119


46 23 6,07 0,092
0,624128692864108
0,616599854919078
0,603010265738049
0,64691416497125
0,736762991318175
0,694055241795993
0,683827192930835
0,628702835195499
0,520664155320613
0,529019442150702
0,604179896475509
0,584067172100888
0,628052794666965
0,727178320895681
0,794796372456045
0,875545075668339
0,846434871763895
0,795916907068052
0,792656028232573
0,835183228794504
0,822652154317324
0,782625299898726
0,666259391872178
0,575555868130267


96 57 7,01 3,781
0,679943611085976
0,651515528351331
0,79627011201221
0,834701192398445
0,840901647387432
0,767286162692109
0,819929999739291
0,792073065470964
0,779575741100211
0,752125996553877
0,718237142885008
0,798398032747459
0,889027179126742
0,908245467718173
0,886498531566439
0,838182695304012
0,840331286798423
0,827983951785848
0,774702587999445
0,777165911261808
0,797768642715262
0,710467043363805
0,669057299904103
0,745471263823229


53 97 6,86 6,247
0,659438969155692
0,657241097805235
0,725389371600334
0,753202248512394
0,742659564490112
0,705237085981781
0,656908087894554
0,652437078267848
0,789802201851597
0,749497670729274
0,683811638710534
0,625803468819574
0,784321785091036
0,821593160914416
0,818573780057704
0,759638585992455
0,775430306115794
0,810319279132778
0,786034882188522
0,789300176807802
0,706946636236944
0,64439267653199
0,613440923581967
0,742884361893811


25 112 6,31 3,227
0,894417223084237
0,853237329427719
0,707346089375516
0,554580448856613
0,530325727405513
0,609653761632592
0,715799360166683
0,802107022046901
0,825111556651043
0,856220410831341
0,902892269523713
0,821103341585605
0,700639559614897
0,644136502792989
0,571635471611235
0,604130436745666
0,627376819432532
0,595852059090322
0,654277407719339
0,691722480366594
0,756479948318116
0,862801272810837
0,851284010347146
0,797167657861665


67 27 7,55 2,051
0,683112902784169
0,67191803159783
0,723364903758579
0,716433416583336
0,701314215051579
0,644490413586898
0,631937008630462
0,678062608162677
0,720869983251265
0,644227958669283
0,634059792584754
0,648989516574887
0,659628490816408
0,704557795852617
0,73324046868357
0,656885208283083
0,621178875070569
0,607078553296805
0,662979222492633
0,710804500578769
0,699157324496647
0,704676147970775
0,770075988552337
0,765266327558811


67 27 7,55 5,511
0,711548649572195
0,681013776760815
0,648002417887127
0,615377638640756
0,625353927398437
0,691179638216439
0,69587896511054
0,695562565332884
0,681612564918158
0,676620395968207
0,742255373018809
0,738045552377301
0,68955327379809
0,759224773074947
0,773127097024813
0,718802497095519
0,685584408851885
0,699529349135667
0,714528180780089
0,703377631264182
0,710484139141912
0,805757530908937
0,773636286972914
0,712534423378033


69 74 9,43 6,095
0,76958422256743
0,694074858708757
0,623695607786587
0,56643710685406
0,547365418156975
0,63681555492376
0,639040322011513
0,715407457153197
0,782901644991702
0,726757500285036
0,684263079259384
0,749815231256314
0,740996424087007
0,724967490548224
0,684058246078544
0,70115961862133
0,798813158266681
0,77656171575175
0,782257996560335
0,800863887692887
0,815432609881917
0,733242580564979
0,788803702142743
0,837335363787254


