146 39 1,1 2,282 0,634505715944123

150 40 0,96 2,532 0,807025571043529

63 60 0,91 0,318 0,950220623740683

201 86 0,95 3,646 0,815189251455894

54 131 1,13 0,668 0,791225043743956

158 136 0,95 3,093 0,707834812338856

85 154 0,91 3,049 0,698726375648387

85 154 0,91 5,163 0,703234855776706

160 57 1,6 2,636 0

195 93 1,22 3,943 0,642655560580311

211 237 1,31 0,125 0

150 45 1,57 2,523 0

64 100 1,59 5,832 0

137 134 1,7 0,532 0

137 134 1,7 2,344 0

158 157 1,52 3,278 0

158 157 1,52 6,082 0

79 175 1,59 0,674 0

79 175 1,59 3,572 0

222 201 1,79 0,144 0

213 242 1,72 4,082 0

213 242 1,72 6,146 0

169 101 2,17 2,916 0

169 101 2,17 4,08 0

94 161 2,05 3,786 0

222 201 1,89 0,151 0

222 29 2,89 2,912 0

204 60 2,8 2,912 0

204 73 2,59 3,461 0

186 100 2,66 4,081 0

162 133 2,41 3,512 0

188 232 2,8 2,901 0

220 234 2,33 3,772 0

11 252 2,44 0,123 0

154 169 3,03 3,713 0

173 102 4,27 2,97 0

173 102 4,27 4,193 0

116 130 3,93 0,592 0

128 132 3,97 3,93 0

160 44 4,87 2,393 0

188 55 4,92 0,934 0

222 219 5,5 3,599 0

201 65 6,27 3,316 0

163 116 5,88 3,462 0

234 190 7,17 0,097 0

234 190 7,17 4,038 0

169 212 7,03 2,335 0

235 189 7,57 0,062 0

168 213 7,67 2,248 0

197 237 7,21 2,967 0

136 52 14,19 2,144 0

135 52 14,4 2,016 0

