42 54 0,95 4,047 0,628042502492914

119 59 1 4,796 0,776446020148161

121 71 1,03 0,893 0,969571859932183

47 80 1,03 3,812 0,819383062949088

38 84 1,07 0,845 0,862323713614236

61 95 0,94 0,925 0,710898104752298

61 95 0,94 5,536 0,738609445919953

96 96 0,93 3,618 0,705077606067246

96 96 0,93 4,738 0,695613004333974

28 104 1,02 2,946 0,774969698585131

91 107 1,06 2,756 0,725395908831755

45 108 0,98 3,359 0,77474532044672

107 114 1 0,122 0,622119622436332

109 117 1,1 3,79 0,771104493389792

103 118 1,11 0,032 0,870946936373263

117 123 1,1 0,686 0,681192061576123

56 12 1,15 1,468 0,953333334229406

111 14 1,42 3,658 0,746404137527042

40 18 1,28 3,978 0,606447959914444

58 20 1,22 6,165 0,638699991642207

96 23 1,29 5,716 0,903674526907121

72 38 1,44 4,71 0,843178917411615

62 57 1,27 0,854 0,522977581386206

116 58 1,17 4,805 0,730988365713157

55 60 1,3 0,619 0,875707976281597

81 66 1,18 3,641 0,670285397344873

16 77 1,22 3,109 0,865289562962464

43 79 1,19 0,594 0,884382043713287

76 93 1,15 3,333 0,547652627104756

105 96 1,14 4,697 0,476149595574337

33 102 1,29 6,002 0,691427737103887

54 106 1,14 0,401 0,694240662763399

120 123 1,27 3,568 0,862189096799128

5 126 1,25 0,096 0,657832529255278

80 4 1,78 6,036 0,864472265930792

4 18 1,69 3,797 0,973521600685415

4 18 1,69 6,165 0,969632974908436

57 39 1,68 4,821 0,76444683367855

69 45 1,56 0,665 0,924492561812628

75 45 1,51 0,526 0,786390125960715

69 50 1,59 0,664 0,860954322432919

76 51 1,61 0,543 0,841884325872998

72 55 1,85 0,314 0,773407363447813

42 58 1,85 3,852 0,831416498272445

70 63 1,76 5,57 0,648984487379552

51 66 1,57 0,494 0,930048733768714

68 82 1,66 4,865 0,843297283936014

76 84 1,53 3,714 0,576258942847963

80 4 1,84 6,047 0,877673709276526

86 23 2,44 3,083 0,419664734924239

36 46 2,01 2,963 0,883926571951199

86 51 2,08 3,006 0,746442991509681

72 55 1,87 0,244 0,750757077788187

82 58 2,27 3,107 0,897742935128967

57 64 1,99 0,568 0,750349567463763

63 65 1,95 4,022 0,891902477253556

34 66 2,08 3,811 0,814258388604301

101 75 2 0,319 0,801784971235011

24 88 2,12 3,417 0,824374235569967

39 88 2,02 3,666 0,821454650253107

69 88 2,08 5,61 0,895801301362039

73 94 1,91 2,847 0,84259917665872

80 94 2,29 2,059 0,799171485922504

87 23 2,26 3,161 0,896952245914564

93 27 2,39 0,921 0,874342635224139

3 40 2,65 0,078 0,930901584447153

62 59 2,54 0,759 0,772711156724475

36 76 2,76 0,57 0,682611908567646

108 100 2,45 0,274 0,849712805322123

87 5 3,2 6,024 0,893865317352031

100 32 3,2 3,278 0,63480339964961

112 49 3,45 0,386 0,827702496291955

85 66 3,13 3,51 0,640495871359213

65 73 2,96 1,341 0,841116097303374

65 73 2,96 6,012 0,844817681044211

37 78 3,19 0,811 0,718639830212765

60 86 3,23 5,838 0,81750776052831

97 90 3,44 0,086 0,850072694739122

116 95 3,46 0,075 0,712786753612102

116 95 3,46 3,997 0,739907191482753

84 105 3,31 2,269 0,785838416715806

41 106 3,3 2,884 0,687893945136549

41 106 3,3 5,946 0,678531791882955

32 108 3,15 5,905 0,723906615404926

110 109 2,82 3,626 0,76162183659266

46 118 3,57 0,473 0,679411292653161

108 61 3,88 0,315 0,885848550120957

98 90 3,59 0,075 0,827318798214106

22 96 4,32 3,256 0,865328026176576

98 119 3,6 3,026 0,663871080228564

111 28 5,09 0,691 0,773962532404072

111 28 5,09 3,373 0,772384284940116

60 48 4,97 0,338 0,718490464523382

60 48 4,97 4,96 0,763225503165055

85 92 5,24 2,085 0,820570902532991

