120 17 0,96 3,671 0,922396057020947

158 85 0,84 3,831 0,653555843608515

184 94 0,86 1,334 0,923400992558316

184 94 0,86 4,382 0,91574918084983

235 100 1,04 2,743 0,748401083635787

233 102 1,11 2,752 0

136 105 1 0,5 0,857664731279021

174 106 0,96 1,359 0,763583899537874

177 108 1,05 1,266 0,739525713496373

236 109 1,13 2,759 0

151 112 0,96 3,375 0,863374929565475

158 113 0,96 1,212 0,905199953498183

132 116 1,01 0,243 0,537842634373446

186 122 1,16 0,646 0,65099444917109

186 122 1,16 5,067 0

186 122 1,16 6,211 0,714819612714249

188 126 0,92 1,079 0,921648272747705

188 126 0,92 5,296 0,921123324861592

179 128 0,99 4,759 0,942696977058039

176 129 1 4,527 0,774101238094057

160 135 1,09 4,27 0,826269560015516

195 135 0,96 5,457 0,816611300755999

173 135 1,1 4,619 0,701896692421462

187 137 1,02 0,139 0,704610129909196

172 138 0,89 4,638 0,604288582594555

114 140 1,11 1,499 0,683014506331934

152 142 1,09 4,158 0,562843075338928

110 143 1,07 0,268 0,629359207303981

110 143 1,07 0,884 0,6497804218492

100 144 0,96 1,581 0,619614861194018

184 145 1,01 0,992 0,890948156655281

184 145 1,01 4,519 0,849279026905457

124 146 0,88 4,629 0,826229041525261

189 146 1 4,562 0,529279013289334

224 147 0,99 4,352 0,936044147814429

224 147 0,99 5,625 0,957214207348054

100 148 1,02 1,662 0,805479030506583

112 148 1,07 4,586 0,734477837586367

126 149 1,08 4,682 0,582257291028954

160 149 0,98 6,176 0,784025579040177

181 149 0,81 4,575 0,623992303561919

209 150 1,01 1,095 0,762881265077016

277 150 1,03 2,169 0,842205094360023

200 152 1,05 1,399 0,483659718622124

169 153 1,05 0,217 0,521152238907742

153 155 1,1 4,215 0,678664921793686

90 156 0,95 4,022 0,776777401591143

151 156 0,93 4,274 0,806736743712797

238 155 1,03 1,666 0,957433350671723

246 156 1,1 1,564 0,850870221467591

121 156 1,09 3,999 0,338256994637345

117 157 1,04 4,028 0,776143812308969

204 157 1,06 1,379 0,838833106092013

278 157 1,14 3,405 0,732520850441313

304 157 0,94 1,117 0,933141548840776

304 157 0,94 4,362 0,803154016981255

328 158 0,89 4,179 0,775719904392029

332 159 0,92 0,661 0,657776034983612

108 161 1,02 0,513 0,838380000395795

189 162 1,1 1,139 0,745513066686017

323 162 1,01 1,349 0,55677719716869

259 165 0,91 4,285 0,966502053610375

49 166 1 0,578 0,935758744831457

45 167 0,95 0,776 0,957321774443606

261 167 1,14 4,403 0

327 167 0,89 0,567 0,819636256220359

174 169 1,01 0,812 0,619706654895204

127 170 1,1 0,527 0,612551026051234

204 171 1,03 1,144 0,875742316469314

316 171 0,97 1,154 0,962317350024909

189 172 0,98 4,467 0,900963537269546

312 172 0,96 1,255 0,907347706265825

226 173 1 4,599 0,567428344133164

77 174 0,85 3,772 0,904426790161376

307 174 0,89 1,218 0,950996099849409

181 176 1,1 5,164 0,797986802022374

126 178 1 4,035 0,793325347603467

188 178 0,97 5,425 0,7857512914928

184 179 1,08 5,241 0,730014238837647

159 180 0,99 4,489 0,800827270782193

260 180 1,02 4,207 0,85189543513859

75 181 1 4,074 0,645389445123179

111 181 0,94 3,151 0,838157668280285

190 181 1,06 5,702 0,70512699149491

189 185 0,98 6,251 0,915569056703629

74 185 0,91 3,684 0,746135735607635

145 186 0,98 4,248 0,79968112380631

96 187 1,24 2,599 0

142 187 0,96 4,269 0,702769392858022

84 187 1,05 0,53 0,62871659166081

122 189 0,99 1,793 0,867306585264979

59 190 1,1 4,293 0

122 191 1,03 4,18 0,778143487088611

95 192 0,91 0,239 0,455892338896537

95 192 0,91 2,886 0,471044601782209

105 192 0,92 1,006 0,920613318094767

130 192 0,88 4,259 0,627571157872093

97 193 1,08 0,209 0,702919637479467

97 193 1,08 1,93 0,711154539645083

203 193 0,98 4,407 0,734868936271305

184 195 0,92 3,462 0,889914634570242

113 195 1,05 4,17 0,706451123489558

110 199 0,94 4,254 0,871750204007985

198 199 0,89 3,572 0,786263772844807

71 200 1,05 0,855 0,679406601514691

71 200 1,05 3,207 0,683361326923693

208 201 0,94 3,162 0,857794639200007

108 202 0,94 4,284 0,563346278174165

261 202 0,94 1,003 0,953449619589894

87 204 1 1,183 0,631968642794048

79 204 1,12 6,224 0,569166802226054

236 204 0,87 4,147 0,962801649032289

49 205 1,01 3,81 0,763695932652778

134 205 1,04 0,415 0,787793102218772

68 207 1,02 0,726 0,670461182198985

88 207 0,96 1,16 0,851064369645742

88 207 0,96 4,309 0,850614315898039

259 208 1,08 1,081 0,932728506267791

102 209 0,98 2,867 0,489433116290164

75 210 1,03 5,077 0,610654988504602

137 213 0,96 0,111 0,86479182855

65 215 1,11 0,841 0,819887057911116

65 215 1,11 3,815 0,813257772628933

239 214 1,01 0,806 0,485917211343914

112 216 0,96 3,71 0,789384074582491

63 219 1,15 0,232 0,462029137181438

63 219 1,15 3,748 0,574458293572132

110 219 1,02 3,811 0,735547765421016

109 221 1,02 0,505 0,791380371071066

109 221 1,02 3,808 0,730664660511256

169 224 1,03 5,329 0,855766231281213

95 224 1 3,823 0,676427177493017

90 225 0,99 0,48 0,887917266367244

237 226 1,02 0,773 0,914500285362458

97 226 1 3,861 0,485785100910077

218 227 1,2 3,552 0

134 228 0,91 0,226 0,916564782228572

99 231 0,87 3,752 0,872692790637787

176 230 1,09 5,084 0,609097710047502

172 232 1 2,193 0,953102830403783

179 232 0,9 4,882 0,806317846884948

180 234 1,11 4,153 0,80354372888656

74 234 1,16 0,749 0,44728772912992

93 235 1,09 5,45 0,667632640058567

162 235 1,12 2,001 0

46 237 0,94 0,803 0,67446451029123

46 237 0,94 3,109 0,844882946178761

131 241 1,01 0,441 0,920614129009718

169 242 0,86 3,935 0,909312373642757

209 243 0,94 3,594 0,89847764867171

74 247 0,98 6,086 0,719927874020136

123 248 1,02 0,642 0,749698248857716

123 248 1,02 3,597 0,79002474539013

61 249 1,03 3,207 0,601135249663748

203 250 0,95 0,535 0,952095899394657

66 250 0,95 3,244 0,693943003173505

66 253 1,01 0,094 0,492992390003211

66 253 1,01 3,313 0,39409206137715

186 254 1 0,592 0,88038545969869

117 256 1,04 3,957 0,6540140728623

188 255 0,94 3,553 0,913279305934783

167 311 1,15 3,396 0,722265692629001

224 314 1 4,529 0,912546975576086

196 315 0,93 0,865 0,824592151259949

213 317 1 4,549 0,772794197221956

224 318 1,11 0,843 0,726753619429623

224 318 1,11 4,426 0,754318206780405

215 319 0,87 4,355 0,966737634857789

218 320 1 1,214 0,76541138466457

218 320 1 4,307 0,870650733496395

212 323 1 1,038 0,941961425173851

207 325 1,1 1,26 0,699955887626509

114 36 1,38 4,12 0

173 77 1,49 4,435 0

151 89 1,38 0,729 0

151 89 1,38 3,808 0

174 102 1,42 1,3 0

174 102 1,42 4,798 0

187 103 1,41 1,362 0

200 106 1,35 1,365 0

195 106 1,32 1,345 0

186 107 1,31 1,322 0

183 107 1,24 1,274 0

172 109 1,3 1,345 0

143 116 1,21 3,574 0

172 118 1,22 1,08 0

241 120 1,35 2,855 0

149 126 1,42 1,137 0

171 131 1,2 4,562 0,783720999753144

150 131 1,18 1,226 0

150 131 1,18 4,438 0

346 133 1,3 0,387 0

135 133 1,23 3,922 0,786929386382052

316 137 1,15 4,426 0

240 143 1,23 2,8 0

206 146 1,03 5,084 0,836181914125509

103 147 1,17 1,529 0,631481850996665

116 151 1,25 4,478 0

102 156 1,38 4,384 0

146 160 1,33 0,007 0,830404503511749

167 161 1,26 1,048 0

105 162 1,29 0,602 0

43 165 1,29 0,652 0

324 165 1,26 1,268 0

306 168 1,34 1,13 0

44 168 1,19 0,516 0

236 170 1,34 4,747 0,801850445278094

130 172 1,31 3,095 0,860727477307611

81 174 1,17 3,745 0,505103705968241

189 175 1,14 5,476 0,648058734546517

104 179 1,26 3,18 0,74229812078389

108 179 1,4 3,175 0

285 179 1,24 1,049 0

193 180 1,24 5,816 0

168 181 1,2 2,55 0,721214212884979

114 182 1,29 3,225 0,614563020188058

132 182 1,32 1,094 0

69 187 1,41 3,72 0

234 190 1,38 3,693 0

66 192 1,34 4,005 0

264 193 1,48 0,91 0

86 195 1,31 3,245 0

86 195 1,31 6,133 0

82 198 1,34 0,416 0

104 201 1,1 4,347 0

255 204 1,13 0,905 0,862448026397176

96 205 1,33 6,205 0

228 205 1,41 3,542 0

246 207 1,36 0,847 0

194 210 1,15 3,627 0

243 210 1,29 0,803 0,724084257628697

173 210 1,18 3,867 0,700046195944738

46 213 1,17 3,587 0

228 224 1,24 0,772 0,702616127336503

192 226 1,3 4,083 0

86 227 1,16 0,608 0,791848812550719

170 227 1,39 1,833 0

170 227 1,39 5,466 0

224 227 1,37 0,793 0,733012263317792

144 229 1,2 5,859 0

168 230 1,18 1,818 0

81 230 1,19 0,242 0

95 230 1,33 0,598 0

95 230 1,33 3,51 0

101 233 1,25 3,634 0

168 234 1,19 5,299 0,679760631990381

180 238 1,53 4,139 0

219 237 1,21 0,803 0,807934074818234

205 240 1,29 0,369 0

54 240 1,3 0,749 0,582593949732849

216 240 1,16 0,816 0,657919647619086

85 240 1,13 6,165 0,651127803521202

186 240 1,23 0,706 0,541226717128377

126 243 1,4 0,57 0

126 243 1,4 3,518 0

62 244 1,29 3,001 0

54 245 1,21 0,388 0

58 245 1,43 0,372 0

58 245 1,43 3,076 0

54 245 1,21 0,388 0

84 247 1,2 3,532 0

120 252 0,96 3,743 0,835263165269745

109 265 1,33 1,114 0

258 285 1,4 0,522 0

217 286 1,14 1,111 0

217 286 1,14 3,095 0,806784675896962

216 293 1,15 1,101 0

239 296 1,45 4,443 0

240 305 1,39 1,459 0

238 309 1,15 4,354 0

226 320 1,24 0,846 0,93637904478863

216 325 1,29 1,111 0

216 325 1,29 4,437 0

192 327 1,25 2,181 0

313 110 1,85 5,168 0

183 112 1,61 0,618 0

167 120 1,56 1,15 0

167 120 1,56 4,7 0

154 124 1,47 1,068 0

341 130 1,42 4,479 0

313 133 1,74 3,074 0

247 135 1,69 0,457 0

190 139 1,44 6,044 0

183 141 1,66 4,778 0

126 143 1,57 3,759 0

169 144 1,65 4,019 0

164 147 1,68 5,998 0

267 147 1,84 1,295 0

122 150 1,64 4,461 0

282 157 1,7 3,507 0

132 158 1,74 3,435 0

271 158 1,53 0,795 0

152 161 1,56 2,951 0

155 167 1,82 0,994 0

197 167 1,58 4,245 0

318 167 1,75 1,186 0

188 169 1,44 0,566 0

303 169 1,53 1,139 0

294 174 1,42 1,089 0

67 176 1,68 3,769 0

185 185 1,43 2,572 0

181 186 1,75 1,134 0

181 186 1,75 2,633 0

152 187 1,54 0,561 0

270 189 1,52 0,952 0

207 202 1,55 3,551 0

252 203 1,37 0,911 0

187 217 1,81 0,325 0

187 217 1,81 3,79 0

154 222 1,67 2,893 0

22 228 1,58 0,624 0

177 235 1,6 4,133 0

110 236 1,79 3,481 0

215 235 1,82 0,812 0

215 235 1,82 3,476 0

80 240 1,56 2,74 0

93 240 1,63 3,011 0

93 240 1,63 5,196 0

124 240 1,49 0,753 0

124 240 1,49 3,427 0

177 260 1,71 2,719 0

204 263 1,76 5,33 0

90 267 1,51 1,618 0

221 287 1,52 0,649 0

248 291 1,64 4,787 0

252 295 1,79 0,494 0

234 298 1,6 4,254 0

194 307 1,61 6,058 0

215 310 1,51 4,014 0

227 311 1,82 4,186 0

193 313 1,49 0,613 0

169 317 1,79 2,296 0

206 329 1,61 1,218 0

206 329 1,61 4,452 0

215 80 2,35 2,052 0

154 92 1,9 3,684 0

313 110 2,14 5,16 0

313 132 1,99 3,105 0

321 135 1,93 4,486 0

149 139 1,97 4,543 0

140 141 1,91 4,274 0

141 146 2,14 4,246 0

80 153 2,17 3,646 0

235 155 1,79 1,373 0

116 156 1,86 3,991 0

282 157 2,06 3,559 0

111 159 2,27 3,987 0

137 161 2,08 3,429 0

118 162 2,01 4,03 0

131 163 2,3 3,394 0

106 166 1,83 3,523 0

155 167 2,12 0,986 0

248 170 1,98 4,68 0

125 184 2,27 1,124 0

24 186 1,99 3,787 0

112 186 2,09 1,363 0

239 187 2,25 4,444 0

24 186 1,99 3,787 0

130 188 2,22 1,095 0

130 188 2,22 4,312 0

118 190 1,91 1,499 0

111 192 1,91 1,329 0

204 197 2,18 4,319 0

93 217 2,18 0,233 0

13 224 1,97 0,804 0

139 228 1,95 6,047 0

85 232 2,41 0,461 0

200 234 1,92 0,761 0

216 235 1,87 0,836 0

168 239 2,4 3,941 0

156 246 2,26 0,716 0

46 251 2,07 2,092 0

276 253 1,92 0,658 0

200 267 1,95 5,222 0

227 285 2,06 0,556 0

249 290 1,78 4,794 0

203 297 2,21 0,752 0

177 306 1,9 3,125 0

201 309 2,02 0,581 0

140 11 2,8 5,295 0

181 74 2,68 4,559 0

273 139 2,67 6,23 0

80 153 2,22 3,639 0

269 167 2,58 3,987 0

103 175 2,55 3,112 0

135 178 2,7 0,997 0

152 189 2,07 0,469 0

14 205 2,69 3,608 0

85 213 2,35 0,205 0

203 214 2,57 3,607 0

179 217 2,53 0,336 0

179 217 2,53 1,579 0

145 226 2,39 6,082 0

137 234 2,34 0,797 0

116 241 2,34 0,917 0

267 248 2,48 1,418 0

215 274 2,53 5,216 0

176 297 2,68 3,444 0

188 300 2,68 5,392 0

202 316 2,53 4,348 0

193 317 2,7 0,583 0

193 317 2,7 4,57 0

203 335 2,69 2,052 0

216 336 2,31 3,977 0

157 21 3,29 5,143 0

307 138 3,13 4,205 0

158 144 3,32 4,554 0

204 150 3,01 1,216 0

199 159 3,41 1,233 0

129 164 3,25 3,367 0

154 167 2,74 0,968 0

198 171 3,2 0,768 0

106 207 3,33 4,229 0

183 208 3,13 0,316 0

165 215 3,35 5,383 0

6 221 2,94 1,902 0

6 221 2,94 3,63 0

9 230 3,39 1,94 0

280 242 3,28 0,691 0

248 296 3,49 0,485 0

188 310 2,81 0,499 0

157 22 3,81 5,13 0

142 49 4,05 3,752 0

128 72 3,89 3,634 0

272 100 3,7 0,187 0

297 104 4,18 5,422 0

147 120 3,92 3,511 0

94 131 3,85 3,575 0

94 131 3,85 3,575 0

94 131 3,85 3,575 0

146 147 3,92 4,348 0

228 148 3,6 1,177 0

228 148 3,6 5,25 0

123 152 4,01 4,367 0

199 159 3,58 1,202 0

164 172 4,35 1,055 0

227 177 4 3,617 0

83 180 4,5 3,953 0

174 180 3,79 4,676 0

214 187 4,39 3,774 0

109 195 4,31 4,217 0

229 233 4,17 0,821 0

164 239 4,02 3,673 0

111 241 4,32 0,97 0

124 262 4,51 0,822 0

192 275 3,85 0,642 0

166 300 4,51 3,397 0

131 11 5,42 3,794 0

131 11 5,42 5,141 0

264 86 5,17 5,309 0

245 123 4,47 2,9 0

256 133 4,55 3,709 0

340 136 4,58 0,394 0

264 144 4,58 1,426 0

176 168 5,16 1,219 0

115 170 4,92 0,702 0

115 170 4,92 3,302 0

140 171 5,1 0,985 0

180 226 4,95 4,128 0

36 236 4,78 2,255 0

280 241 4,39 0,71 0

217 284 5,05 0,815 0

232 287 5,85 0,585 0

232 287 5,85 4,382 0

58 139 6,59 3,752 0

270 159 6,4 3,864 0

38 170 5,87 3,596 0

169 196 6,37 0,299 0

169 196 6,37 1,947 0

212 202 6,05 3,923 0

147 211 6,86 0,123 0

193 212 6,8 3,829 0

75 223 6,03 0,139 0

92 228 6,92 0,151 0

92 228 6,92 3,453 0

39 236 6,19 2,231 0

83 259 7 1,992 0

169 267 6,32 2,736 0

233 286 5,96 0,498 0

233 286 5,96 4,494 0

211 303 6,17 4,154 0

203 329 7,08 2,167 0

168 127 7,38 4,85 0

149 211 7,53 0,115 0

254 216 7,77 0,842 0

139 290 8,84 1,956 0

180 311 8,41 2,3 0

159 33 10,52 5,194 0

117 107 9,65 3,651 0

138 123 9,32 4,487 0

182 148 9,68 0,894 0

182 148 9,68 5,279 0

324 147 11,53 0,694 0

185 248 10,69 2,652 0

185 248 10,69 3,941 0

218 329 11,27 0,487 0

240 197 13,77 0,816 0

240 197 13,77 4,256 0

122 222 13,28 0,466 0

253 95 14,66 5,306 0

216 116 15,19 5,819 0

238 197 13,18 4,26 0

171 204 17,81 0,464 0

58 231 17,69 2,171 0

147 57 28,25 3,881 0

147 57 28,25 5,247 0

4 266 29,42 2,194 0

148 58 28,91 3,913 0

148 58 28,91 5,265 0

87 210 41,79 2,023 0

