202 5 0,857096321160847

208 16 0,844511225533388

228 25 0,860556366805356

107 25 0

255 31 0,760684188737983

146 39 0,755657335827644

236 39 0,843132992415382

73 41 0,95512733184756

75 42 0,797239273194525

232 43 0,765684136319464

155 46 0,687291704906164

103 47 0,963710365831037

158 51 0,668203225559294

161 52 0,671962541353954

64 56 0,935020385825204

64 56 0,902763469602111

209 57 0,651540987783092

117 70 0,932392106172215

109 75 0,846283920009017

109 75 0,874772049525442

155 78 0,914360145401021

155 78 0,939573268527771

74 85 0,926674054521302

144 88 0,689716033897916

150 91 0,922037889547311

137 95 0,636362658607975

119 96 0,764797723798067

119 96 0,788783611799863

195 96 0,704467685038007

94 99 0,862254697123132

203 104 0,645682138928277

80 105 0,957739996228091

219 105 0,983210157651174

132 108 0,809587601856584

90 109 0,498374441136073

110 111 0,561546496145167

137 117 0,992254006295911

97 120 0,706894247323487

96 122 0,462929916608176

123 122 0,772154692140265

174 123 0,607029309012445

72 123 0,589178241592646

72 123 0,576472424086223

60 127 0,834922046413528

93 127 0,573075662413221

56 127 0,892242480519315

68 128 0,752114714692151

68 128 0,85634243830572

74 128 0,715838432076422

191 128 0,630869231195028

71 129 0,398813768218376

201 129 0,661114219503026

54 132 0,797525059825406

137 132 0

137 132 0

58 135 0,667908262478684

123 136 0,762288028636523

70 138 0,413791420604427

205 140 0,981625814152889

67 140 0,720285849405239

197 142 0

82 147 0,47429817105489

182 151 0,404692825967619

189 151 0,626420260418868

194 152 0,462552181367487

43 156 0,683832822003167

194 163 0,572666248236483

74 164 0,835680050530678

74 164 0,854275581035582

191 164 0

112 164 0,914520501691827

45 165 0,70436361347103

89 167 0,824261482254231

61 171 0,798235950725858

166 171 0

82 173 0,899020750544767

146 172 0,875877777357538

192 172 0,94602340915588

44 173 0,519282531645614

41 175 0,743809238891727

83 175 0,870271602275407

147 178 0,885146072969924

82 180 0,913625697820129

65 182 0,651352840495677

65 182 0,69478484751981

100 186 0,564258863246382

44 187 0,794670018293691

10 187 0,81209385160445

140 188 0,880493814434119

140 188 0,88488850757088

126 189 0,961612302726586

118 193 0,831246780857822

92 194 0,685581729739042

64 196 0,493443926935096

64 196 0,632557320610861

33 198 0,722324924490225

67 198 0,778940543254803

92 198 0,461880707120507

92 200 0,523817964766702

92 200 0,66471391128042

49 201 0,695144051819041

49 201 0,675661542548044

173 203 0,71329605989484

121 206 0,868582393638595

97 207 0,743943044258143

101 207 0,636103527460317

62 208 0,653265393709741

217 208 0,972148557493936

81 210 0,80140809975581

78 213 0,876287745375865

88 213 0,635258781655683

85 215 0,686235431467919

118 216 0,667788862097476

118 216 0,588017477609224

86 220 0,617722651734337

117 221 0,757374721014187

100 222 0,678027135820569

84 222 0,57280338034747

229 223 0,935962509631172

240 226 0,796635968995038

240 226 0,765546024360738

81 228 0,554417463709272

68 229 0

231 231 0,908069037825011

233 232 0,949007776279144

232 237 0,921422004096952

229 241 0,749847584971572

2 243 0,808917637170597

74 245 0,511720364636178

221 246 0,946065531010909

65 248 0,635206846689386

68 249 0,724271586468875

68 249 0,735623655698177

222 249 0,902525860493754

71 249 0,688200565064883

71 249 0,698704461894671

252 251 0,860093800625106

66 252 0,743513077511391

49 254 0,559387559860894

205 11 0,80568939310057

111 21 0,831078080950004

211 23 0,836733729559165

91 29 0

248 33 0,715585537874295

153 37 0

250 44 0,837796812009132

242 49 0,720428106605463

237 55 0

193 56 0,706184419768805

234 58 0

246 58 0,891216606578252

101 59 0,814239588826135

99 64 0,865241699664691

229 67 0

92 71 0

223 76 0,712726159881945

95 79 0

104 87 0,82443559843278

215 91 0

181 98 0

181 98 0

56 100 0

83 101 0,749273689291259

83 101 0,728674241735998

71 110 0

210 112 0

200 113 0

206 113 0

215 114 0

113 119 0

132 125 0,774509119839867

136 126 0,747883646900574

169 129 0

94 129 0

94 129 0

209 130 0

140 130 0

199 135 0

50 139 0

86 147 0

54 147 0

59 150 0,865166132931254

92 154 0

179 156 0,671114674071935

77 163 0

70 164 0

5 166 0

184 168 0,463275834027627

34 172 0

147 175 0,764607214654376

93 178 0

152 177 0,799263512159866

169 178 0

48 182 0

7 184 0

146 185 0,929159010623923

78 185 0,811173421142219

64 188 0

60 189 0

60 189 0,556915799862709

178 190 0,64952378246829

40 190 0

87 191 0

58 193 0

40 196 0

253 197 0

238 199 0,831366773564511

242 200 0,676486022471736

222 201 0,718435015266324

218 202 0,825352292900891

218 202 0

238 204 0

252 206 0,783229607756118

252 206 0,787731151835023

118 210 0,723326149524738

248 211 0,69993787375587

91 214 0,717079874050098

245 216 0

51 216 0

51 216 0,571731654078338

75 216 0,895048484522078

51 221 0,726377498663498

51 221 0,702593266146449

72 222 0

243 222 0,743756585968505

48 227 0,337006348806108

243 227 0

247 229 0,788405057744145

69 235 0

84 235 0,627266698798686

190 235 0,678380723618613

36 237 0

114 238 0

114 238 0

55 243 0

63 243 0

106 245 0

60 246 0

60 246 0

57 248 0,535091654974882

247 5 0

225 22 0

214 28 0

227 43 0

221 49 0

92 83 0

138 86 0

121 88 0

199 89 0

82 93 0

116 94 0

79 97 0

106 103 0

102 108 0

51 114 0

67 124 0

100 126 0

105 129 0

68 132 0

137 133 0

137 133 0

81 133 0

168 134 0

172 135 0

108 148 0

113 149 0

191 159 0

34 172 0

132 178 0

73 179 0

34 181 0

126 188 0

225 197 0

171 200 0

248 206 0

114 209 0

114 209 0

248 211 0

249 218 0

240 219 0

88 224 0

88 224 0

76 230 0

208 232 0

74 235 0

211 238 0

230 244 0

230 244 0

205 247 0

114 25 0

186 61 0

67 66 0

184 93 0

85 108 0

79 114 0

233 117 0

83 119 0

162 132 0

86 133 0

59 140 0

237 141 0

70 144 0

63 146 0

62 153 0

34 155 0

157 157 0

87 160 0

177 165 0

78 167 0

84 168 0

132 179 0

126 187 0

194 194 0

226 197 0

100 212 0

80 213 0

80 213 0

215 230 0

208 231 0

249 233 0

194 239 0

235 246 0

40 25 0

81 36 0

194 47 0

75 80 0

137 85 0

139 91 0

139 91 0

91 102 0

188 106 0

105 130 0

248 134 0

41 137 0

82 138 0

93 150 0

86 152 0

86 152 0

94 161 0

94 161 0

64 163 0

125 186 0

212 193 0

249 195 0

123 197 0

144 198 0

68 205 0

76 204 0

108 213 0

210 218 0

181 231 0

188 232 0

205 237 0

10 253 0

222 30 0

162 31 0

9 37 0

9 37 0

91 54 0

34 61 0

42 67 0

139 100 0

96 109 0

34 130 0

11 134 0

169 146 0

11 157 0

138 166 0

83 189 0

205 206 0

214 240 0

214 240 0

161 10 0

188 55 0

188 55 0

167 119 0

128 131 0

128 131 0

70 133 0

10 156 0

137 166 0

79 177 0

91 177 0

83 189 0

191 205 0

104 217 0

65 238 0

175 51 0

124 120 0

115 130 0

174 132 0

72 153 0

72 153 0

157 168 0

232 196 0

217 201 0

84 41 0

200 67 0

4 82 0

161 151 0

81 215 0

81 215 0

64 219 0

92 239 0

161 151 0

197 179 0

220 224 0

67 26 0

223 57 0

223 57 0

116 70 0

42 96 0

42 96 0

117 101 0

117 101 0

171 185 0

171 185 0

171 185 0

88 47 0

70 103 0

194 113 0

194 113 0

103 194 0

50 223 0

129 57 0

192 116 0

192 116 0

136 157 0

