88 2 0,62201162383744

38 5 0,706081909359863

38 5 0,641859097851872

102 9 0,550855257601244

131 19 0,685194240231802

39 20 0,654129454748257

3 21 0,624111944378393

8 22 0,650923452905595

171 22 0,544285420034008

33 24 0

90 25 0,536736373319641

76 25 0,606553470884972

188 29 0,534587226586408

218 30 0,661353611235342

135 33 0,658583363551106

135 33 0,624169065968486

167 37 0,623848011236559

125 38 0,783886351327221

58 38 0,632778163208704

39 40 0,46548198951614

130 39 0,727367130378522

130 39 0,690952838844067

109 40 0,469882776181625

102 42 0,619228757966516

67 44 0

194 47 0,778492085332639

95 47 0,731680693439611

19 49 0,490634662502841

151 50 0,557800100855241

151 50 0,45506740188442

157 50 0,543335930065011

157 56 0,841527492047928

157 56 0,716559337729252

150 60 0,795706137877242

217 60 0,649497838566421

217 60 0,728393803301794

146 60 0,886021376298962

47 60 0,60836356174461

47 60 0,606910972244134

1 61 0,562893889980016

128 61 0,736936585787898

143 63 0,951630965347733

89 64 0,847699028365793

168 65 0,705475757334668

159 66 0,645819895882168

22 66 0,584395012085197

22 66 0,588191842870136

2 71 0,669146582095614

2 71 0,583396075513609

77 76 0,926279784611326

77 76 0,852833512999624

57 76 0,733704806407069

219 77 0,63228923746714

219 77 0,669806313883079

217 79 0,530449669206646

5 86 0,776333985866961

5 86 0,700433808839492

136 87 0,824374951712673

174 88 0,400791277200205

174 88 0,408678864469152

47 89 0,680944958137996

214 90 0,620472011400159

49 92 0,602907567043152

13 96 0,708904711868695

13 96 0,658429655164844

169 97 0,727922422272344

180 96 0

12 102 0,805415952881073

12 102 0,753176193295666

12 102 0,762253658813455

42 104 0,648276204192438

42 104 0,70373099765548

222 104 0,863820739629394

46 105 0,498155709416689

151 104 0,871046074541615

94 105 0,770124760330475

88 108 0,79586238589965

182 108 0,574273565162022

182 108 0,61358688684568

228 110 0,499420162940535

228 110 0,650753247108103

221 113 0,72402736817329

94 114 0,913886341280655

82 115 0,95135322422203

208 115 0,805440541191874

145 117 0,833795752910208

166 117 0,729326996635841

197 118 0,63452357253315

197 118 0,532069506071723

168 118 0,451557721716315

143 121 0,831536712506165

145 123 0,799409718557247

17 124 0,654378993023869

44 124 0,616231877904734

44 124 0,620941941982591

79 125 0

90 125 0,694160976900032

82 125 0,87137844906532

157 126 0,836540158999995

166 126 0,564913870905463

88 129 0,916502370798575

88 129 0,919125109240858

151 131 0,865748228793643

23 131 0,624964544224974

6 132 0,825698621906486

81 134 0,860052098469541

78 134 0,859222205810273

49 138 0,589611536105611

202 139 0,641772318817561

144 140 0,836908105109861

8 140 0,704003730566534

16 142 0,717751898791497

16 142 0,848954367312618

154 142 0,925443866184018

80 143 0,869351558803112

80 143 0,883888955391126

75 143 0,61365789722857

194 144 0,847945850657256

154 148 0,753382776160712

154 148 0,632205163099226

157 148 0,849385376556253

157 148 0,855151860054377

146 149 0,633481722425266

152 151 0,795305687165459

152 151 0,821592460575909

84 151 0,484714663991567

137 153 0,563651407080193

137 153 0,558041779197014

151 153 0,775544225881242

146 154 0,806800156903838

146 154 0,617615637753024

10 155 0,904098802400853

12 162 0,823052925156396

89 164 0

223 164 0,865262534826637

223 164 0,872497995862903

55 168 0

55 168 0,620943804495082

82 169 0,80715379235001

7 172 0,917229919416339

93 172 0,750407865139527

93 172 0,711134811547457

206 172 0,538257160394194

19 176 0,708880456121007

41 177 0,689524316601152

34 181 0,538970434298515

34 181 0,557524064310817

23 184 0

26 188 0,841131145176659

26 188 0,774634698414887

85 194 0,517522830919067

30 195 0,671332756584571

162 196 0,425715289679478

21 197 0,897340596615425

21 197 0,886941786265205

166 200 0,573265578326194

166 200 0,641995367713706

155 202 0,595798273377246

155 202 0,513556083897881

135 205 0,802602587384713

226 205 0,809657133113909

226 205 0,756352639112524

36 207 0,487893454399691

133 206 0,666424647475375

98 207 0,659268539548421

162 208 0,714883423118985

225 209 0,939730170664727

23 209 0,778993763914177

209 209 0,496463018301154

184 210 0,827587329947933

148 214 0,689938319859211

216 215 0,851571319961003

223 216 0,849285544294793

223 216 0,732643238846863

143 218 0,678098290968188

143 218 0,8082653423103

208 218 0,801428787299109

208 218 0,847873097059633

222 219 0,796957662305506

222 219 0,896906030089677

204 220 0,595762177557616

159 226 0,832988986371056

48 5 0,422416941024324

131 12 0

153 12 0

227 13 0

114 15 0,739643617814383

213 17 0

213 17 0

38 19 0

38 19 0,683922411653471

84 21 0,681819270604345

138 22 0

115 25 0,690346597467418

90 26 0,668926458204072

163 26 0

163 26 0

130 31 0

102 32 0,820242627881588

148 33 0

128 36 0

101 44 0,649556384013723

88 45 0

156 53 0

195 56 0,5779319284061

203 57 0,536585449241681

179 57 0,795646370726395

227 61 0

61 65 0,629052807967543

56 66 0,512507920767151

80 74 0

93 74 0,64455764291747

152 76 0

152 76 0

61 77 0

147 78 0

222 78 0

75 78 0

145 82 0

92 91 0

95 92 0,761319556844888

6 93 0,685689310070831

6 93 0

172 96 0

26 97 0

70 98 0

70 98 0

141 101 0

21 101 0

166 105 0

216 105 0

30 107 0

30 107 0,710482852841287

136 107 0

132 108 0

157 109 0

86 111 0

40 114 0,488629244202166

76 114 0

208 124 0

137 130 0,822454035575987

197 133 0

197 133 0

150 134 0

146 136 0,901019478282877

142 138 0,613897217514599

142 138 0

194 137 0

170 142 0

72 144 0,758181376024027

72 144 0

83 145 0,573295091387205

138 148 0

80 149 0

78 152 0,589234443616436

10 159 0,728265601938084

2 162 0

69 165 0

86 170 0,726788307732283

62 173 0

180 174 0

212 173 0

212 173 0,695022052043242

13 175 0

195 178 0

28 184 0,814711408134732

202 186 0

202 186 0

199 189 0,771006312947558

204 190 0

170 195 0,784357581628414

33 196 0

33 196 0

205 196 0

212 196 0

222 197 0,657502912371593

85 202 0

160 205 0,686655955176282

76 205 0,637326467405395

76 205 0

130 206 0

157 207 0

157 207 0,650474354920848

45 209 0,646123254320011

37 214 0

157 214 0

157 214 0,70362162407327

136 214 0

160 214 0

41 216 0

200 217 0

214 218 0

149 220 0,634934551889454

169 220 0

226 220 0

217 222 0

32 225 0

77 5 0

126 5 0

107 5 0

5 7 0

131 8 0

26 13 0

123 16 0

199 20 0

199 20 0

150 24 0

90 28 0

96 27 0

133 28 0

154 33 0

136 43 0

155 44 0

187 46 0

224 45 0

49 50 0

78 51 0

35 55 0

35 55 0

120 56 0

104 56 0

104 56 0

86 58 0

162 59 0

206 59 0

206 59 0

102 63 0

102 63 0

97 65 0

138 69 0

96 69 0

72 72 0

111 72 0

168 74 0

156 75 0

78 80 0

9 83 0

9 83 0

215 93 0

36 98 0

226 99 0

226 99 0

58 104 0

155 105 0

155 105 0

107 106 0

112 108 0

214 112 0

202 112 0

10 116 0

114 116 0

147 119 0

147 119 0

26 122 0

24 126 0

20 128 0

97 128 0

180 130 0

68 136 0

60 136 0

138 136 0

81 138 0

76 139 0

122 139 0

25 143 0

62 143 0

140 144 0

87 144 0

51 146 0

130 151 0

125 165 0

142 166 0

42 168 0

89 168 0

89 168 0

2 173 0

149 174 0

10 179 0

175 182 0

176 188 0

176 188 0

163 191 0

163 191 0

199 198 0

79 202 0

124 202 0

69 202 0

186 206 0

186 206 0

29 208 0

29 208 0

80 217 0

204 220 0

49 223 0

49 223 0

89 5 0

116 6 0

126 10 0

148 28 0

75 30 0

162 29 0

79 31 0

154 33 0

154 33 0

134 37 0

8 40 0

101 40 0

156 39 0

104 48 0

104 48 0

109 51 0

99 55 0

72 57 0

66 57 0

161 59 0

47 61 0

47 61 0

166 63 0

204 66 0

204 66 0

173 81 0

61 83 0

168 82 0

174 89 0

64 96 0

58 109 0

80 109 0

152 109 0

71 115 0

150 124 0

75 128 0

85 136 0

100 137 0

134 146 0

14 150 0

207 163 0

173 164 0

198 169 0

18 170 0

170 188 0

71 195 0

41 196 0

119 211 0

130 218 0

16 221 0

146 226 0

126 10 0

103 12 0

103 12 0

148 15 0

148 15 0

156 23 0

137 27 0

168 28 0

121 29 0

59 31 0

59 31 0

66 31 0

86 34 0

86 34 0

171 35 0

82 41 0

128 51 0

66 64 0

91 65 0

60 67 0

164 70 0

134 77 0

14 89 0

54 88 0

5 99 0

5 99 0

77 101 0

89 103 0

147 106 0

32 110 0

129 126 0

4 131 0

176 142 0

176 142 0

175 154 0

71 187 0

115 219 0

71 18 0

71 18 0

144 25 0

73 28 0

136 50 0

154 89 0

166 95 0

172 104 0

184 132 0

30 147 0

42 148 0

81 158 0

114 206 0

114 206 0

150 214 0

168 5 0

162 16 0

160 48 0

70 50 0

175 94 0

196 152 0

151 155 0

75 170 0

50 197 0

143 204 0

143 204 0

96 215 0

