156 10 1,06 1,479 0,901453257317707

160 12 1,03 1,578 0,863974581929238

150 43 1,21 5,121 0

175 43 0,95 4,979 0,746497448828894

144 44 1,06 4,836 0,727994721233222

188 44 0,99 1,051 0,892862284141062

188 44 0,99 3,251 0,835312230451685

165 45 0,99 4,805 0,786110900941253

177 46 1,06 5,295 0,437504170879046

192 47 1,07 2,924 0,605856255459584

128 49 1,14 1,885 0

128 49 1,14 4,541 0,66921553491078

112 51 1,16 2,068 0

112 51 1,16 4,896 0,650838828399709

111 54 1,21 4,889 0,623693690889011

161 54 1,04 5,668 0,733522465261428

174 54 1,04 5,714 0,757798616741565

125 58 1,08 1,077 0,52113678327505

260 62 1,06 1,833 0,863341589850708

128 64 1 1,012 0,467414377000273

128 64 1 4,165 0,467737499656878

265 66 1 4,879 0,667952841405471

72 71 1,03 1,22 0,694353542022824

72 71 1,03 4,44 0,64785907745154

99 73 1,01 1,406 0,550933369259163

148 73 1,06 2,661 0,460010962925412

148 73 1,06 5,112 0,372309280998074

230 74 1,13 4,165 0,682269760224705

230 74 1,13 5,07 0

133 75 1,05 1,317 0,376070630816703

89 81 1,01 1,076 0,519731442214239

107 81 0,93 4,942 0,590776623878569

89 81 1,01 1,076 0,519731442214239

240 82 0,95 2,492 0,806311342018286

101 85 1,06 1,662 0,557093954555494

205 90 0,97 5,371 0,466024322169208

205 90 0,97 6,22 0,569601152199798

235 91 0,89 2,48 0,826524054820752

235 91 0,89 5,788 0,830243616192889

261 93 1,09 2,578 0,810854853513852

212 97 1,04 0,426 0,663280409488701

250 99 0,99 2,637 0,940640602927125

206 101 1,11 5,054 0

212 105 0,93 5,907 0,627863724421593

203 112 0,94 5,018 0,63364380639599

127 112 1,03 1,237 0,565087758801558

231 116 0,95 0,066 0,886370269535676

231 116 0,95 2,791 0,830340160622713

207 119 1,28 2,203 0

207 119 1,28 5,793 0

177 121 0,99 4,9 0,841179656910737

96 121 1,1 1,493 0,895187020264146

166 123 0,92 3,828 0,886921601059903

206 124 1,14 2,405 0,644152603738919

206 124 1,14 5,737 0,548371288726725

109 126 1,05 0,747 0,583378454170577

109 126 1,05 3,13 0,736961013485523

173 132 1,12 0,24 0,515632440593992

190 132 0,9 1,568 0,865608682856141

190 132 0,9 2,363 0,860965733244821

183 135 1,13 1,785 0,657037406785754

183 135 1,13 5,591 0,749351997455829

158 136 0,94 0,333 0,670304008100464

174 137 0,89 0,548 0,817057794479351

180 137 0,92 5,725 0,917138106279226

171 142 0,87 0,709 0,49366409968956

153 143 0,89 4,63 0,873411386232834

206 144 1,11 2,412 0,625417680274199

169 144 1 0,828 0,549491415517853

185 146 0,99 5,717 0,952902728738721

218 147 0,93 0,932 0,911435449265197

218 147 0,93 6,187 0,914856435555525

198 148 0,95 0,373 0,909462098594535

122 150 1,09 0,716 0,814029420655698

201 150 1,04 2,715 0,851842945555862

210 157 0,9 2,823 0,730623183053197

141 159 1,08 4,658 0,858689574281005

202 163 1,01 5,788 0,938858465941024

161 174 1,11 5,13 0

49 183 0,94 4,571 0,887373340428556

165 184 0,97 4,622 0,644523396115928

137 187 0,99 4,664 0,868773533670284

217 193 0,94 2,722 0,845650790940974

121 196 0,89 1,95 0,910275261671983

126 198 1,06 1,865 0,835990434463241

128 204 1,16 1,957 0

148 206 1,05 1,99 0,921535928087641

214 208 1,02 4,424 0,724844846437419

255 208 1,12 1,122 0

155 209 1,04 1,993 0,876649639715576

148 209 1,03 1,924 0,83697646381238

158 210 1,13 2,027 0

162 212 1 2,062 0,957795252699359

166 214 0,96 1,988 0,943423259346495

31 215 0,95 1,954 0,829469627291136

31 215 0,95 4,579 0,837745327728648

72 217 1 0,381 0,860359038864935

165 217 1,09 1,815 0,678980476321468

228 217 0,92 5,519 0,736581902375487

64 218 1,13 4,437 0,724080616255573

234 218 1,01 1,156 0,91579539738737

46 219 1,07 1,555 0,944797505161675

171 222 0,91 2,139 0,965739105030917

235 228 1,09 5,054 0,78196484801029

31 234 1,04 5,541 0,721382165040381

244 242 1 5,712 0,729939418302573

200 242 1,06 2,459 0,894649001271613

248 248 1,09 5,747 0,550664556943881

136 33 1,42 5,459 0

110 34 1,32 4,642 0,836894885909278

117 34 1,29 4,816 0

142 40 1,43 4,602 0

150 43 1,12 5,173 0

157 44 1,25 4,835 0,761261240892077

172 45 1,49 4,948 0

189 50 1,46 2,838 0

107 51 1,18 1,086 0

107 51 1,18 4,902 0,671679142029343

187 53 1,19 0,219 0

196 55 1,2 1,415 0,623302826162329

136 60 1,24 0,947 0

136 60 1,24 4,343 0

244 63 1,22 4,492 0

157 67 1,19 4,351 0

192 70 1,32 5,972 0

211 70 1,21 4,987 0

203 74 1,2 2,687 0

75 75 1,24 1,585 0,638062442887697

235 74 1,17 4,443 0

103 75 1,19 1,631 0,688820540872923

89 76 1,34 0,759 0,629526709480049

89 76 1,34 4,069 0

199 80 1,24 5,424 0,684846488066918

141 83 1,34 5,368 0

82 84 1,22 4,58 0,730500607654743

148 86 1,5 2,908 0

148 86 1,5 5,347 0

91 87 1,35 0,258 0

91 87 1,35 3,936 0,633260368201298

147 89 1,28 5,389 0,703440781618799

199 89 1,25 1,284 0

250 89 1,37 2,567 0

250 89 1,37 6,227 0

182 95 1,27 1,076 0

220 101 1,37 5,848 0

210 103 1,29 5,897 0

215 105 1,23 5,892 0

66 105 1,17 2,902 0

66 105 1,17 5,986 0

138 109 1,17 1,463 0,605333885086484

96 114 1,4 1,814 0

96 114 1,4 4,526 0

216 118 1,11 1,132 0

177 118 1,3 2,385 0,636212912201574

177 118 1,3 4,687 0,812424701348854

215 121 1,31 0,965 0

193 129 1,17 2,761 0

121 131 1,33 4,044 0

195 137 1,4 2,388 0

165 141 1,3 4,059 0

136 143 1,17 4,631 0,634611784308692

108 145 1,15 3,333 0,802260647807153

118 148 1,4 0,615 0

116 154 1,23 0,107 0,526453227574256

216 156 1,23 0,06 0,824481149794021

121 159 1,27 4,914 0

151 168 1,41 2,412 0

151 168 1,41 4,726 0

155 170 1,35 4,182 0

207 179 1,23 2,863 0

184 180 1,02 3,226 0,854234558210834

169 181 1,34 1,367 0

169 181 1,34 4,721 0,489840772355777

92 189 1,38 1,629 0

113 194 1,19 1,955 0

220 194 1,31 2,66 0

117 195 1,19 1,916 0

198 197 1,32 5,638 0

189 198 1,34 2,228 0

143 201 1,19 1,897 0

187 201 1,23 5,284 0

262 204 1,43 1,128 0

132 205 1,2 1,909 0

141 209 1,26 2,003 0

220 209 1,37 5,407 0

39 209 1,37 0,975 0

146 211 1,36 1,915 0

223 212 1,32 5,413 0

155 215 1,28 2,143 0

259 217 1,45 4,274 0

254 219 1,32 4,245 0

58 221 1,16 2,174 0,591464573383128

25 237 1,39 2,316 0

25 237 1,39 5,647 0

30 237 1,28 2,427 0,735595113456772

30 237 1,28 5,536 0,705360422785956

33 240 1,24 2,031 0

33 240 1,24 5,731 0

199 246 1,39 2,441 0

252 248 1,26 5,806 0

92 5 1,59 3,315 0

93 10 1,64 1,978 0

93 10 1,64 4,13 0

91 21 1,67 1,661 0

165 67 1,49 4,432 0

198 67 1,62 4,204 0

229 68 1,54 4,551 0

113 72 1,7 1,335 0

194 75 1,77 5,779 0

113 77 1,68 1,27 0

156 77 1,53 1,119 0

156 77 1,53 4,699 0

221 79 1,59 2,349 0

143 79 1,59 5,327 0

165 82 1,67 2,12 0

110 85 1,55 4,223 0

233 96 1,45 2,224 0

157 101 1,74 5,469 0

205 106 1,67 5,034 0

250 109 1,6 2,664 0

168 112 1,54 5,707 0

158 113 1,48 1,637 0

73 119 1,59 2,019 0

184 127 1,68 4,278 0

211 128 1,87 0,368 0

215 130 1,59 0,454 0

163 137 1,73 2,282 0

163 137 1,73 4,017 0

186 141 1,79 5,464 0

111 149 1,47 0,481 0

111 149 1,47 3,393 0

182 156 1,6 2,446 0

132 158 1,59 1,36 0

132 158 1,59 4,824 0

115 165 1,5 5,209 0

203 177 1,46 0,074 0

120 187 1,64 1,466 0

120 187 1,64 4,565 0

115 187 1,59 1,388 0

53 190 1,51 0,32 0

183 194 1,55 5,702 0

86 196 1,58 0,381 0

209 201 1,77 0,441 0

209 201 1,77 1,817 0

262 204 1,52 1,131 0

33 211 1,45 1,703 0

171 217 1,5 1,981 0

163 220 1,64 1,81 0

154 221 1,69 0,589 0

65 222 1,64 1,691 0

189 224 1,5 2,2 0

242 225 1,62 4,226 0

145 226 1,71 3,878 0

150 226 1,75 0,51 0

150 226 1,75 3,725 0

19 230 1,69 2,445 0

19 230 1,69 5,667 0

243 233 1,7 5,743 0

205 242 1,44 2,397 0

244 242 1,46 5,694 0

50 248 1,56 2,812 0

211 250 1,61 2,495 0

216 251 1,55 2,531 0

112 3 2,19 1,639 0

330 25 2,02 4,905 0

153 33 2,04 4,771 0

152 63 1,98 1,026 0

225 64 2,12 1,202 0

173 66 1,85 4,674 0

257 67 2,03 4,738 0

214 67 2,04 1,412 0

214 67 2,04 4,955 0

203 78 2,31 5,491 0

101 79 2,03 1,682 0

167 81 1,94 2,182 0

182 86 1,86 4,492 0

208 85 2,03 5,811 0

230 92 1,8 2,246 0

230 92 1,8 6,136 0

241 102 1,85 0,829 0

241 102 1,85 1,483 0

62 106 1,81 2,921 0

239 109 2,07 1,209 0

71 113 1,8 2,168 0

212 117 2,07 0,831 0

92 118 1,8 1,663 0

111 122 1,93 1,018 0

105 123 1,97 1,689 0

114 127 2,05 0,993 0

178 127 1,95 5,968 0

186 141 1,8 5,553 0

129 153 1,97 1,389 0

287 159 2,09 0,389 0

235 163 2,09 4,233 0

138 170 2,12 4,651 0

193 187 2,08 5,994 0

25 193 2,23 3,723 0

82 193 1,85 0,28 0

214 209 1,79 4,538 0

50 211 2,18 1,821 0

27 213 1,87 1,428 0

27 213 1,87 6,059 0

267 213 2,07 0,276 0

38 216 2,07 1,606 0

177 215 1,98 2,047 0

154 221 1,78 0,555 0

145 226 1,71 3,926 0

197 229 1,93 2,222 0

145 234 2,03 0,443 0

243 233 1,85 5,753 0

40 240 1,92 5,383 0

140 240 2,1 0,376 0

13 242 2,16 2,443 0

13 242 2,16 3,591 0

13 242 2,16 5,033 0

210 248 1,86 2,455 0

150 77 2,49 2,666 0

281 81 2,69 5,823 0

155 87 2,59 2,474 0

159 93 2,56 2,246 0

151 94 2,14 5,592 0

72 105 2,6 2,072 0

280 114 2,47 3,435 0

263 118 2,65 1,434 0

187 125 2,46 2,639 0

266 133 2,65 3,903 0

213 137 2,34 0,318 0

95 144 2,69 1,814 0

156 162 2,67 5,552 0

184 170 2,62 4,524 0

184 170 2,62 6,069 0

187 185 2,28 6,108 0

46 188 2,6 4,525 0

200 204 2,76 5,022 0

33 206 2,64 1,623 0

78 210 2,41 0,295 0

236 222 2,65 5,392 0

11 231 2,9 3,466 0

120 238 2,66 2,655 0

248 241 2,28 5,728 0

176 81 3,19 4,454 0

73 106 2,85 2,008 0

225 116 3,42 0,432 0

130 138 3,07 0,331 0

130 138 3,07 4,601 0

195 139 3,45 2,413 0

205 139 3,49 2,424 0

168 141 2,94 0,93 0

122 154 3,07 5,269 0

211 160 3,16 0,272 0

211 160 3,16 2,596 0

167 167 3,49 4,664 0

271 173 3,24 1,305 0

173 174 3,25 4,555 0

180 187 2,91 5,824 0

73 190 3,03 1,689 0

230 195 2,86 1,139 0

200 204 2,83 5,029 0

30 215 3,9 1,691 0

30 215 3,9 5,688 0

114 242 3,12 2,713 0

307 9 3,67 1,408 0

307 9 3,67 5,659 0

84 36 4,38 3,636 0

227 75 3,97 4,567 0

199 86 3,96 5,656 0

165 94 3,69 2,201 0

270 106 3,98 1,464 0

118 128 3,95 1,029 0

169 129 4,34 5,848 0

105 146 4,42 4,755 0

187 152 3,73 1,958 0

285 158 4,13 0,398 0

329 35 4,8 0,263 0

167 73 4,64 2,015 0

167 73 4,64 4,234 0

170 96 4,94 2,186 0

174 115 4,61 2,263 0

72 125 4,82 1,996 0

245 160 4,8 4,1 0

222 188 4,82 2,79 0

66 217 5,49 1,823 0

86 40 6,98 3,593 0

102 82 6,67 1,351 0

102 82 6,67 4,468 0

151 131 6,32 1,392 0

170 162 6,29 5,063 0

153 171 6,25 5,049 0

51 177 5,84 4,436 0

94 195 6,45 1,668 0

47 222 6,14 5,277 0

18 225 6,93 3,568 0

57 248 6,58 5,737 0

322 40 8,5 0,322 0

32 199 8,23 3,679 0

207 199 7,48 5,005 0

73 236 8,72 1,699 0

72 90 10,2 3,402 0

204 120 11,42 0,528 0

204 120 11,42 2,087 0

49 149 9,74 3,355 0

102 172 10,66 3,802 0

210 225 11,06 5,13 0

165 227 9,26 2,046 0

91 50 13,52 3,551 0

204 120 11,36 0,649 0

204 120 11,36 1,798 0

242 134 13,83 0,618 0

274 155 13,38 0,41 0

138 144 16,63 1,304 0

161 192 15,15 5,434 0

97 83 28,78 3,424 0

