11 3 1,02 0,979 0,871614083180053

68 10 1,16 1,556 0,812184345538545

57 34 1,06 5,34 0,526079600644936

80 42 1,07 4,802 0,876553858024762

98 44 0,95 4,919 0,859109297764068

68 44 1,01 4,711 0,799700230563493

81 45 1,19 4,791 0,751044966741524

89 45 0,94 4,694 0,631728123131695

54 49 1,08 1,893 0,695072898221314

54 49 1,08 4,219 0,676114690541873

123 54 1,07 1,176 0,798042028717599

128 57 1,03 2,495 0,885458917405107

119 59 1,11 5,609 0,760344814471189

128 60 1,04 2,263 0,834872102545073

84 61 0,95 3,577 0,796162501822081

47 62 0,95 1,084 0,6531740710682

59 64 1,04 2,285 0,494214088342953

59 64 1,04 4,19 0,631837111977977

6 65 1,03 4,233 0,638540445784574

198 65 0,99 1,999 0,922294370263296

198 65 0,99 4,853 0,92185263455763

73 66 0,95 1,216 0,740911701534122

73 66 0,95 3,98 0,690215869443348

3 67 1,05 4,22 0,590989126844409

57 67 0,91 5,389 0,778646662777767

114 68 0,99 4,979 0,754775695858778

127 68 0,96 3,483 0,734673726087493

127 68 0,96 5,696 0,855850641788912

6 68 1,02 1,152 0,735265039445963

6 68 1,02 4,32 0,729081336921268

26 69 1,2 1,807 0

117 70 1,04 5,015 0,470195193371184

125 71 1,08 5,749 0,650260613748755

5 71 1,08 1,144 0,757016160765449

5 71 1,08 4,349 0,770483139742552

131 72 1,12 1,529 0,831924147457165

131 72 1,12 5,5 0,660752516951136

214 74 0,88 5,504 0,965201350422962

90 74 0,97 1,514 0,868460694453334

90 74 0,97 4,213 0,879095571752024

127 74 0,86 5,669 0,716088989273184

9 75 0,89 1,521 0,677341397785528

170 75 0,98 4,486 0,894999055453463

212 76 1,04 5,469 0,751967533543649

41 79 0,92 1,512 0,817605818591474

150 81 0,95 1,866 0,943849434190939

26 82 1,1 0,853 0,398952889299814

45 82 1,03 4,887 0,700123866138783

82 82 1,02 5,295 0,898625852726241

108 83 1,1 1,605 0,65447838137594

75 83 0,95 5,334 0,867917625583299

79 83 1,03 5,265 0,874020454412735

32 84 0,92 0,278 0,520468927859173

40 86 1,05 1,652 0,566972554187904

35 86 1,11 0,172 0,617531969825394

42 88 0,98 4,761 0,617408476781744

87 89 1,04 5,275 0,80533842047981

145 91 1,07 5,176 0,657860933123834

55 92 1,14 1,519 0,664476484385935

55 92 1,14 4,864 0,542414450686519

57 92 1,11 4,854 0,479486764192317

61 93 1,01 4,756 0,550034501896335

128 94 1,1 1,252 0,689229797694052

155 94 1,08 5,239 0,89196571725204

132 96 0,83 5,372 0,687066382835733

47 98 0,99 4,419 0,694475613352795

134 98 1,03 5,3 0,833058416136183

69 100 1,08 0,728 0,564226007267844

33 101 1 4,329 0,649448763972646

48 102 0,93 1,558 0,835440775250815

207 104 0,89 5,636 0,914899595647446

229 107 1,36 2,699 0

179 110 1,07 0,903 0,86596263009148

179 110 1,07 5,981 0,838646581238698

143 111 1,09 1,228 0,574167918315868

90 113 0,94 1,674 0,958402748852456

34 118 0,91 4,808 0,505447374835738

62 118 0,91 1,28 0,831367564195146

185 118 0,96 5,849 0,950392074984559

39 119 0,96 1,698 0,716276125223364

39 119 0,96 4,66 0,728123884340052

159 120 1,08 2,054 0,803259252021292

159 120 1,08 5,57 0,603305454616358

48 122 1,05 1,48 0,857086428104032

132 124 1,07 1,846 0,831438323708291

119 124 1,12 3,645 0,79513812542455

65 127 0,98 0,52 0,941734749802776

146 132 1,12 2,219 0,797323180914433

123 137 1,14 2,05 0

123 137 1,14 3,605 0

137 137 0,93 5,534 0,959054052174195

160 137 1,01 2,467 0,636481899181261

67 140 1,12 0,894 0,884867206297863

67 140 1,12 2,848 0,876068600559282

166 144 0,98 2,191 0,576848068506564

82 146 1,06 0,008 0,872150787515422

77 147 1,06 2,922 0,877664534390294

216 147 1,04 3,831 0,824117287340919

164 150 0,99 2,344 0,922166520764308

176 155 1,01 0,35 0,917192370874466

176 155 1,01 5,44 0,906267655852189

208 156 1,15 3,9 0,655109249379727

203 158 1,15 4,028 0,65552380617287

203 161 0,87 4,115 0,670183371770843

83 166 1,21 5,152 0

52 174 1,08 3,901 0,611354716945066

132 175 1,05 4,95 0,733837106189184

104 182 1,14 1,486 0,40522770284588

104 190 1,08 4,597 0,59813394735072

91 191 1,1 1,928 0

91 191 1,1 4,629 0,631035392268982

126 192 1,07 5,011 0,637978549316766

82 193 0,94 2,052 0,977674868616079

91 194 1,01 1,861 0,654035937315559

102 194 1,03 1,825 0,436148881219393

158 196 1,01 5,494 0,671613324345595

112 197 1,22 1,818 0

125 202 0,9 1,859 0,494946483245457

249 202 1,12 1,012 0,8542710327944

150 203 1,01 5,045 0,811837091467021

114 205 0,97 1,808 0,987713158958736

239 208 1,11 1,02 0,844560640618188

197 209 1,08 4,609 0,497328065865231

46 218 0,9 2,037 0,972574528649388

150 219 0,98 1,803 0,983213747381209

9 222 0,9 3,104 0,89581882362885

5 222 0,92 4,399 0,924728534955625

32 229 0,98 5,098 0,937048869332158

230 229 0,9 5,471 0,851523103680096

14 229 1,07 2,301 0,749640127059387

24 231 0,92 5,64 0,908105015256623

18 233 0,92 2,094 0,93081716502067

211 233 0,88 2,335 0,544091530830414

23 234 0,87 5,467 0,903548017680912

215 236 0,99 2,279 0,824412022858419

29 241 0,95 1,908 0,877015199790033

29 241 0,95 5,47 0,833899279869471

3 252 0,96 2,48 0,85324427095817

224 255 1,01 5,685 0,760788072219421

89 5 1,41 4,791 0

71 8 1,27 1,72 0

82 34 1,43 4,709 0

17 36 1,42 4,821 0

64 41 1,46 4,816 0

58 41 1,36 5,059 0

27 48 1,17 5,439 0,287394478656879

73 49 1,31 4,922 0

116 51 1,28 2,579 0

39 52 1,1 1,938 0

39 52 1,1 4,882 0,572351950014018

33 52 1,16 1,027 0,696744298473013

33 52 1,16 4,848 0,545231846371664

108 54 1,39 5,415 0

11 55 1,3 1,808 0

155 56 1,41 3,938 0

7 57 1,18 1,404 0,527671612743571

62 58 1,35 1,45 0

104 59 1,33 1,636 0,732823788932904

66 60 1,27 0,876 0,558899499256216

66 60 1,27 4,253 0

9 61 1,42 1,403 0

9 61 1,42 4,138 0

11 64 1,3 4,081 0

67 64 1,35 0,869 0

20 69 1,3 0,927 0

90 70 1,39 4,224 0

145 71 1,23 5,05 0

33 73 1,27 1,274 0

38 76 1,21 1,632 0,647248678880721

91 77 1,35 4,253 0

69 78 1,25 5,389 0,775519310002069

153 84 1,23 2,282 0,819320923069773

153 84 1,23 5,535 0,761327789119132

20 84 1,18 4,592 0,608890098017898

108 86 1,27 4,176 0

64 87 1,19 1,851 0

41 91 1,29 4,65 0,712687429473657

183 92 1,44 2,394 0

225 92 1,17 1,186 0

100 93 1,31 2,142 0

77 94 1,13 1,133 0

126 94 1,35 1,059 0

126 94 1,35 4,241 0

176 96 1,28 2,129 0

190 99 1,26 2,344 0,835504353474485

196 101 1,31 2,414 0,814073390070216

167 104 1,16 5,627 0,840809926518975

9 106 1,31 2,64 0

234 111 1,09 2,962 0,807261448231548

136 113 1,25 2,093 0

17 115 1,26 2,172 0

17 115 1,26 2,172 0

44 119 1,33 1,603 0,805293844102259

44 119 1,33 4,579 0

129 132 1,22 6,208 0,685131921148213

129 137 1,14 6,257 0,743506862951232

124 141 1,4 3,666 0

69 146 1,26 2,978 0

80 147 0,99 2,899 0,74758051440527

77 152 1,09 3,361 0,848817906703148

217 154 1,25 0,477 0

126 169 1,24 6,089 0

77 169 1,2 1,774 0

65 179 1,17 4,585 0,702382064587292

98 179 1,31 1,632 0,65376979749804

98 179 1,31 4,74 0,673623020299066

157 181 1,41 1,463 0

157 181 1,41 2,899 0

87 185 1,23 1,415 0,554226511375791

19 191 1,2 3,246 0,660406112437486

198 193 1,33 2,333 0,706335308348248

119 199 1,28 1,895 0

142 201 1,3 4,959 0

244 205 1,16 1,017 0,805724288940396

142 207 1,29 1,949 0

125 210 1,36 1,996 0

143 210 1,2 1,962 0

232 212 1,19 0,998 0

141 215 1,33 2,14 0

163 216 1,45 2,001 0

52 219 1,17 2,216 0,696522825426211

52 219 1,17 4,186 0

54 222 1,24 1,673 0,718512087917421

179 224 1,15 2,103 0,508934022771847

188 229 1,37 2,166 0

197 234 1,45 2,188 0

200 237 1,28 2,175 0

51 239 1,37 5,277 0

55 239 1,29 5,483 0,805276808301055

206 242 1,07 2,163 0,720356106484605

27 243 1,16 1,897 0

32 243 1,21 5,413 0,747065029293053

55 243 1,17 5,491 0,71351721980669

39 246 1,39 5,134 0

196 246 1,23 2,306 0,946390208990194

26 247 1,15 5,263 0,789556718692766

44 249 1,2 5,413 0,761598585806235

221 248 1,2 2,469 0,575863656985271

211 251 1,41 2,357 0,772216128714333

48 252 1,18 2,496 0,853610349814646

48 252 1,18 4,589 0,853584925046974

58 253 1,2 2,579 0

253 254 1,05 6,053 0,909298550441428

73 34 1,61 4,833 0

83 34 1,6 4,678 0

141 51 1,67 1,735 0

131 68 1,57 5,112 0

123 68 1,61 5,5 0

75 74 1,5 2,05 0

20 75 1,66 0,958 0

24 76 1,59 3,79 0

157 79 1,46 2,191 0

121 81 1,76 4,48 0

161 83 1,53 2,151 0

30 89 1,63 4,1 0

30 89 1,63 6,255 0

172 93 1,57 2,22 0

128 100 1,57 4,029 0

146 103 1,7 0,748 0

125 106 1,63 2,045 0

151 106 1,68 5,004 0

106 109 1,6 5,433 0

106 113 1,55 1,608 0

46 115 1,55 1,784 0

46 115 1,55 4,463 0

161 116 1,68 5,813 0

167 122 1,52 0,804 0

66 127 1,59 0,718 0

76 132 1,7 3,9 0

122 138 1,55 2,247 0

122 138 1,55 3,585 0

169 139 1,48 6,141 0

121 169 1,54 4,553 0

55 171 1,72 3,759 0

120 172 1,51 4,49 0

96 192 1,83 1,857 0

96 192 1,83 4,547 0

166 199 1,5 5,429 0

7 206 1,61 2,836 0

23 209 1,75 0,696 0

17 211 1,5 1,627 0

227 215 1,55 1,043 0

205 222 1,49 2,166 0

232 225 1,47 4,145 0

57 226 1,62 1,534 0

211 228 1,64 2,399 0

10 230 1,57 2,279 0

10 230 1,57 5,504 0

35 240 1,7 5,322 0

43 248 1,27 5,364 0

249 248 1,53 5,508 0

48 248 1,44 2,624 0

37 249 1,6 5,304 0

99 34 2,01 4,688 0

115 60 2 5,654 0

101 63 1,9 4,564 0

109 63 2,22 5,049 0

189 68 1,96 4,708 0

110 71 2,08 5,089 0

87 78 1,98 2,393 0

42 80 1,94 1,45 0

42 80 1,94 4,656 0

140 80 1,96 5,34 0

136 83 2,12 5,322 0

86 84 2,17 2,529 0

121 86 2 4,502 0

146 86 1,99 5,574 0

95 88 2,26 2,25 0

43 101 1,81 4,454 0

230 114 2,35 3,101 0

68 126 2,05 0,784 0

76 132 1,84 3,964 0

97 158 2,21 1,341 0

123 163 2,06 5,472 0

90 178 1,83 1,824 0

162 184 2,06 5,77 0

193 186 2,04 2,638 0

16 194 2,01 4,152 0

60 195 1,86 0,008 0

23 209 1,87 0,702 0

25 216 1,94 1,638 0

58 226 1,84 1,556 0

138 234 2,07 0,117 0

9 236 2,09 2,223 0

113 238 2,03 2,374 0

22 249 2,04 5,01 0

229 40 2,38 1,172 0

117 41 2,48 1,919 0

91 65 2,62 4,129 0

50 68 2,31 1,247 0

175 75 2,69 4,257 0

50 77 2,16 1,306 0

116 82 2,41 4,459 0

218 82 2,72 5,557 0

103 87 2,43 2,07 0

103 87 2,43 4,303 0

152 92 2,78 5,558 0

94 94 2,3 2,166 0

94 94 2,3 5,385 0

105 93 2,51 2,07 0

124 105 1,82 2,02 0

41 109 2,31 1,96 0

57 123 2,46 1,803 0

69 126 2,42 0,826 0

170 137 2,26 6,214 0

164 139 2,76 2,326 0

164 139 2,76 6,199 0

56 145 2,33 1,722 0

24 182 2,7 4,47 0

149 188 2,46 5,423 0

23 189 2,56 4,516 0

207 194 2,67 0,982 0

17 206 2,84 1,516 0

36 211 2,77 1,833 0

61 212 2,54 6,269 0

59 249 2,49 5,685 0

121 249 2,33 2,761 0

218 10 2,94 1,429 0

218 10 2,94 5,419 0

98 11 3,13 1,615 0

121 12 2,61 1,437 0

194 34 3,24 4,688 0

124 35 3,3 4,615 0

188 42 2,9 1,715 0

65 83 3,4 5,264 0

200 92 3,27 2,098 0

146 96 3,2 5,587 0

88 138 3,48 0,123 0

154 140 3,43 2,31 0

223 163 3,25 1,474 0

108 170 3,05 4,656 0

49 206 3,09 3,854 0

15 214 3,22 1,536 0

15 214 3,22 5,504 0

225 223 3,1 5,307 0

98 11 3,55 1,591 0

78 50 4,5 5,02 0

17 66 4,14 1,438 0

122 71 3,97 5,452 0

77 79 4,41 5,302 0

65 83 3,45 5,231 0

138 87 3,76 5,407 0

77 92 3,85 5,323 0

38 104 4,22 2,028 0

125 115 4,59 2,097 0

123 129 3,57 2,893 0

123 129 3,57 5,759 0

136 168 4,07 4,924 0

199 189 4,45 2,389 0

199 189 4,45 4,683 0

49 192 4,12 1,662 0

102 72 4,81 1,664 0

102 72 4,81 4,334 0

112 94 4,6 2,058 0

135 124 5,22 2,273 0

86 158 5,25 5,17 0

123 174 5,48 5,019 0

204 176 4,64 4,765 0

54 217 4,87 1,926 0

36 64 5,8 1,191 0

40 81 6,92 1,198 0

40 81 6,92 4,519 0

213 85 7,04 1,653 0

16 92 6,46 2,08 0

174 127 5,71 0,069 0

104 162 7,02 4,924 0

188 201 6,49 4,941 0

60 233 5,94 5,441 0

164 96 7,43 5,807 0

103 161 7,04 4,912 0

76 197 7,84 1,698 0

31 221 7,49 5,366 0

229 67 9,58 1,29 0

154 118 9,1 1,976 0

154 118 9,1 6,178 0

70 171 10,81 1,738 0

70 171 10,81 3,838 0

70 171 10,81 4,994 0

198 223 10,24 2,237 0

198 223 10,24 5,126 0

31 50 12,8 4,83 0

151 71 11,39 5,643 0

207 88 11,52 1,58 0

61 104 12,9 1,511 0

141 195 13,19 1,918 0

141 195 13,19 5,302 0

197 130 17,56 0,514 0

98 137 17,84 1,562 0

