253,65 1,62 0,9146926

228,87 25,3 0,9002819

98,64 25,82 0,8524634

124,89 25,97 0,8483175

140,32 35,02 0,7916332

150,8 40,66 0,6797538

75,97 42,56 0,5560361

161,64 52,34 0

244,36 56,28 0,8573257

66,63 58,27 0,6988734

209,07 57,81 0,7641953

94,95 68,61 0,8304216

179,19 75,14 0,8171278

109,52 75,84 0,7123998

155,28 78,6 0,7887048

155,28 78,6 0,8078086

74,86 85,12 0,6757032

104,01 87,84 0,7782601

144,46 88,92 0,5297103

150,56 91,42 0,8754717

105,08 94,3 0,7102128

137,07 95,12 0,6089676

119,78 96,37 0,7798978

119,78 96,37 0,5818658

105,6 97,17 0,7844852

99,68 98,07 0,7779449

191,21 98,49 0,7364345

93,93 99,94 0,7877707

217,1 103,39 0,8463571

214,05 103,89 0

80,85 105,33 0,8662739

90,62 109,99 0,64664

94,92 112,24 0,6641297

73,87 118,22 0,7810392

133,5 117,98 0,7129263

133,5 117,98 0,7336381

137,03 117,94 0,8984343

97,87 120,5 0,7753757

183,73 124,16 0,63844

186,4 124,02 0,3808139

205,71 125 0,8671674

136,44 126,14 0,8218015

60,44 126,99 0,8761411

93,74 127,24 0,7450854

71,18 129,69 0,593644

201,67 129,71 0,497886

171,04 131,72 0,7727117

54,55 131,97 0,5654013

58,77 135,81 0,8439717

70,4 138,36 0,5011716

205,49 140,52 0,9628321

47,94 141,26 0,793847

67,67 140,78 0,7447627

82,49 147,28 0,5247514

160,07 148,29 0,8173912

189,72 151,23 0,59472

182,41 151,48 0,4506402

85,88 154,74 0,7492089

43,57 156,7 0,8154719

194,23 163,94 0,7290539

45,16 165,58 0,5954403

166,11 171,75 0

145,95 172,52 0,8257605

85,7 173,05 0,69557

106,07 174,28 0,6028112

83,36 175,93 0,761963

93,59 178,03 0

152,38 177,8 0,9610223

65,55 182,06 0,6747355

65,55 182,06 0,7038453

7,85 184,23 0,7027006

44,22 187,15 0,808476

10,16 187,26 0,7962976

140,52 188,54 0,9820208

140,52 188,54 0,982523

126,86 189,94 0,934427

118,04 193,24 0,8390132

189,05 193,59 0,713852

92,91 194,15 0,5792533

64,5 196,16 0,5595651

92,37 198,15 0,5057783

92,5 200,4 0,6897126

92,5 200,4 0,7820019

175,57 200,4 0,8592708

49,29 201,28 0,6836104

49,29 201,28 0,6655375

173,88 203,55 0,7346801

121,63 206,9 0,8687279

62 208,31 0,6328115

125,45 209,52 0,9201037

81,83 210,13 0,670419

88,57 213,48 0,8755012

118,54 216,27 0,7506506

118,54 216,27 0,7258418

117,83 221,48 0,68954

84,09 222,62 0,5509374

240,54 226,09 0,7703077

48,06 227,61 0,3778057

81,94 228,83 0,4305819

68,75 229,18 0,4887149

233,81 232,01 0,9084556

108,53 237,25 0,9187722

232,75 237,25 0,9502195

229,36 241,13 0,7024747

3,02 243,71 0,9515333

45,77 244,46 0,4559453

45,77 244,46 0,7483364

74,86 245,67 0,6710644

64,98 248,48 0,6320722

68,39 249,41 0,7361771

71,27 249,61 0,6714992

71,27 249,61 0,7017713

252,35 252,2 0,7278067

66,88 252,37 0,5976338

49,94 254,67 0,7453058

91,94 29,57 0

146,84 39,48 0,7888204

250,85 44,29 0,7077221

155,67 46,52 0,7476529

113,33 54,69 0,7764292

237 55,18 0

193,39 56,92 0,7040576

109,91 57,3 0

246,07 58,79 0,8293924

101,24 59,27 0

102,1 62,87 0,5925781

63,01 64,45 0

63,01 64,45 0

90,11 64,64 0,8042543

90,11 64,64 0

99,58 64,95 0,6615011

229,17 67,11 0

91,89 71,74 0,5798287

223,99 76,2 0

197,4 76,93 0,605037

95,9 79,22 0

170,83 79,52 0

170,83 79,52 0

222,44 85,76 0

199,55 89,34 0

101,27 90,87 0,7888811

79,17 97,75 0

181,23 97,98 0

181,23 97,98 0,7245663

83,39 101,94 0,7884108

83,39 101,94 0,6317455

132,43 109,03 0,799187

71,13 110,56 0

210,36 112,46 0

206,92 113,31 0

215,33 114,28 0

89,66 115,53 0

89,66 115,53 0

185,85 116,33 0

208,79 116,69 0

208,79 116,69 0

113,11 119,09 0

123,59 123,12 0,6423448

211,71 124,67 0

132,24 125,88 0,6256679

187,52 127,21 0

94,06 129,46 0

94,06 129,46 0

199,33 135,71 0

123,8 136,42 0

50,78 139,01 0

197,38 142,42 0

85,95 147,01 0,6158517

54,21 147,34 0

59,14 150,7 0

92,88 154,73 0

70,26 164,45 0

77,42 164,02 0

191,48 164,1 0

184,81 168,16 0,5929769

44,81 173,47 0,7305287

147,98 175,13 0

147,98 175,13 0

169,34 178,42 0,6818067

48,6 182,13 0

146,61 182,56 0,6027572

78,09 186 0,7292287

145,96 185,95 0

64,08 188,23 0,6374243

60,32 189,27 0

60,32 189,27 0,5536336

178,58 190,47 0,6344971

40,72 190,98 0

57,96 193,04 0

73,5 193,28 0

40,94 197,04 0

253,26 196,97 0,6891503

242,72 200,14 0,7180259

222,36 201,46 0

218,77 202,96 0,7192642

218,77 202,96 0,6744757

248,28 207,02 0

118,66 210,89 0,7816457

248,61 211,45 0,7177305

91,31 214,22 0,7224279

85,35 214,86 0,6364158

245,87 216,24 0

51,75 215,99 0

51,75 215,99 0,6513663

75,58 216,97 0,6895344

51,95 221,7 0,556875

51,95 221,7 0

72,63 222 0

34,4 224,76 0,5207846

62,7 224,69 0

62,7 224,69 0

243,2 227,6 0

84,44 235,33 0,6099015

115,04 238,4 0

54,93 243,73 0

63,49 243,5 0

57,46 248,32 0,5277058

247,83 5,62 0

224,86 22,25 0

247,02 48,68 0

234,34 58,53 0

102,33 62,77 0

201 64,99 0

102,46 68,68 0

92,67 83,38 0

129,69 85,45 0

139,04 86,25 0,6027547

121,91 88,31 0

215,81 91,69 0

83,03 93,34 0

195,11 93,39 0

116,44 94,54 0

212,66 98,57 0

64,43 99,85 0

106,27 103,68 0

103,05 108,75 0

141,91 109,52 0

134,93 115,71 0

67,9 124,14 0

100,12 126,46 0

105,9 129,94 0

140,56 130,75 0

68,18 132,12 0

81,48 133,78 0

137,67 134,14 0

137,67 134,14 0

168,45 134,65 0

172,32 135,02 0

113,1 149,1 0

79,84 174,7 0

132,27 178,68 0

33,95 181,72 0

62,71 185,36 0

62,71 185,36 0

126,65 188,61 0

196,48 189,27 0

175,34 199,83 0

238,19 199,15 0

171,04 200,09 0

238,84 204,12 0

114,82 209,53 0

114,82 209,53 0

100,64 212,23 0

240,17 219,85 0

88,57 224,66 0

88,57 224,66 0

76,48 230,95 0

209,25 232,12 0

211,7 238,15 0

230,15 245,01 0

230,15 245,01 0

60,85 246,33 0

224,83 21,83 0

224,83 21,83 0

114,29 25,31 0

157,05 52,32 0

186,06 61,62 0

197,98 78,31 0

187,46 86,72 0

92,98 101,25 0

169,6 100,61 0

169,6 100,61 0

85,87 108,76 0

79,77 114,73 0

83,04 119,26 0

162,79 132,34 0

86,32 133,86 0

59,98 139,96 0

70,79 144,61 0

63,28 146,28 0

62,84 153,95 0

33,96 155,73 0

158,1 157,59 0

94,19 161,69 0

94,19 161,69 0

177,9 165,4 0

78,25 167,79 0

84,65 168,59 0

132,46 178,98 0

196,73 189,12 0

121,85 191,48 0

194,55 194,48 0

123,33 197,27 0

145,62 198,27 0

237,99 198,75 0

76,8 204,97 0

100,71 212,12 0

80,13 213,04 0

80,13 213,04 0

217,28 218,35 0

211,75 218,81 0

216,02 230,17 0

249,02 233,48 0

194,19 239,33 0

235,98 246,46 0

213,63 0,1 0

81,76 37,04 0

194,3 47,37 0

188,1 106,14 0

104,93 130,8 0

82,14 139,03 0

170,44 146,57 0

93,6 150,44 0

86,82 152,42 0

86,82 152,42 0

87,74 160,37 0

151,23 161,89 0

151,23 161,89 0

64,68 163,59 0

126,07 186,59 0

211,44 193,19 0

68,09 205,21 0

37,28 209,82 0

108,53 213,88 0

77,93 221,86 0

188,38 232,5 0

220,16 235,63 0

206,02 237,89 0

213,22 241,51 0

213,22 241,51 0

10,96 253,28 0

222,5 29,76 0

10,03 37,68 0

10,03 37,68 0

159,78 77,41 0

159,78 77,41 0

139,48 91,11 0

140,02 101,29 0

96,3 109,4 0

144,49 111,97 0

137,8 166,57 0

83,19 189,65 0

249,38 195,94 0

161,94 10,19 0

175,39 50,5 0

75,16 93,13 0

140,17 101,56 0

172,55 102,4 0

172,55 102,4 0

87,13 117,66 0

115,54 130,28 0

128,69 131,84 0

70,52 133,67 0

10,6 156,09 0

49,7 178 0

79,8 177,37 0

91,75 177,33 0

191,86 205,64 0

104,01 217,12 0

65,63 237,93 0

188,51 55,8 0

165,55 117,9 0

124,32 120,31 0

72,48 153,23 0

72,48 153,23 0

156,67 168,94 0

147,49 188,84 0

217,43 201,23 0

176,39 11,65 0

200,98 65,97 0

172,84 132,35 0

131,49 148,48 0

131,49 148,48 0

160,53 150,89 0

120,86 172,37 0

233,63 193,44 0

81,34 214,91 0

81,34 214,91 0

64,21 218,98 0

222,26 220,54 0

92,1 239,29 0

216,73 122,32 0

197,15 180,14 0

233,93 192,1 0

223,27 57,17 0

223,27 57,17 0

68,67 101,24 0

118,96 100,35 0

118,96 100,35 0

171,21 185,3 0

89,64 47,67 0

194,2 113,52 0

104,44 194,06 0

50,14 223,32 0

132,84 54,99 0

132,84 54,99 0

166,56 81,88 0

137,14 152,44 0

