100 19 0,717782456410527

106 22 0,946163935727869

102 31 0,795110321862921

126 32 0,907765850513589

131 32 0,818215059246639

132 36 0,645986850000326

136 36 0,815380501113757

102 49 0,848083420033389

183 49 0,784079787598536

220 51 0,933538111077247

188 52 0,789713768369706

222 53 0,990351556192156

121 58 0,935182532039302

121 58 0,939639219361044

56 59 0,929507549296531

90 58 0,68033102800718

151 60 0,812055052959741

86 62 0,864700474610565

141 68 0,82234499126639

161 68 0,94808231852614

133 69 0,955615338793912

178 69 0,737866070776152

140 71 0,923385949840874

140 71 0,918019497187434

86 71 0,824136949669764

153 72 0,86972250761912

67 77 0,77336037906598

200 77 0,947182180624098

142 78 0,923713460694014

94 79 0,893610778749843

91 82 0,884063465038882

197 83 0,981311342911431

95 85 0,913254952959731

124 86 0,635438069204399

69 86 0,75485481522395

108 87 0,847266166499242

108 87 0,793845079769066

93 89 0,848666910272671

84 90 0,880989893879782

124 93 0,937244234884943

196 93 0,910462778033975

91 95 0,780051787093303

191 98 0,969266347937025

81 99 0,475659562405843

100 100 0,618169103658173

167 100 0,68152213893235

190 101 0,980478321828425

75 101 0,807929918525743

188 105 0,956580624572789

67 106 0,828491962204473

67 106 0,66383050523498

125 109 0,63001405791308

168 112 0,580518051331747

80 112 0,672526366140674

119 113 0,8621514941901

54 114 0,944212201425478

64 117 0,656282550268787

181 117 0,500495996091636

168 118 0,720395633293999

49 119 0,858168829636953

70 120 0,48365908902471

47 121 0,534098592768779

47 121 0

143 123 0,707406347159261

111 123 0,892451678823205

42 124 0,584854847532224

63 125 0,652558442697568

186 126 0,732867940034437

47 128 0,468545656939597

74 133 0,602074264405632

144 133 0,916900623268832

129 143 0,943251066320742

175 148 0,817445769711654

87 148 0,678303887032715

61 149 0,890010418140867

61 151 0,818826503613105

166 151 0,619889305445789

98 153 0,637935033118143

98 153 0,6102473764944

67 155 0,593304708052605

40 156 0,621745527216418

37 158 0,879832414230655

65 159 0,780886321721015

145 159 0,88993866819285

62 164 0,756748670454239

62 164 0,7540788673496

12 164 0,911918123522577

59 164 0,55931993716215

59 164 0,55293268436074

39 164 0,703095106555182

68 169 0,708135831478548

30 173 0,875129900552061

66 174 0,862872908791002

58 176 0,398062799511966

44 181 0,609420591334063

197 183 0,973510867439247

197 183 0,977634637648784

47 194 0,793536000260437

47 194 0,800956491163431

68 195 0,746017073863636

198 199 0,972860233279494

216 204 0,7488457480557

62 207 0,648422944635739

189 209 0,863584377823495

76 212 0,559860332728376

65 214 0,743036098272882

166 214 0,738244349275416

32 218 0,516088506922428

59 224 0,712556109014413

52 224 0,408924813626238

64 225 0,785326864044333

64 225 0,765945012262513

60 227 0,62440306896622

223 5 0,847814766564555

116 26 0

196 35 0,826884627384556

226 35 0,668993611978079

226 40 0,796261887617806

140 42 0

223 44 0

96 50 0,702724912012551

99 52 0,792767296922716

91 53 0,745621947555072

95 54 0,727864203740296

92 57 0,735887562931564

81 58 0,674223487711086

81 58 0

206 60 0

160 72 0,933976755358964

160 72 0

57 72 0,731444333641155

83 75 0

117 77 0

110 79 0,514459179363768

180 80 0,641051871685427

160 83 0

75 84 0

176 84 0,813006072750556

66 85 0,708679639741088

158 87 0

71 88 0

164 89 0

58 90 0

168 95 0,762526676503804

117 96 0,593107272290468

141 98 0

106 102 0

121 104 0

191 112 0

129 113 0,76635879231511

68 114 0,761518329515663

127 118 0

57 122 0,667195761429454

72 130 0,791178243756549

72 130 0

40 132 0

49 133 0

152 142 0

70 147 0

70 147 0,658177505234101

75 148 0

63 149 0

41 151 0,587689266718223

148 152 0

76 152 0

135 153 0

121 157 0,721488878273567

121 157 0,696708382777723

134 157 0

139 157 0,707636965580109

135 164 0,74086427913496

135 164 0,724067679922875

54 170 0

54 170 0,513624192657262

37 172 0,583164642256907

52 174 0,65110614574941

37 177 0

223 186 0

103 189 0

103 189 0

65 200 0

108 207 0

69 208 0

67 212 0

213 213 0

213 213 0,696617554742147

104 215 0

191 214 0,677470976106561

68 221 0,760398420074685

207 221 0,846875177944688

207 221 0,848228807643111

55 222 0

55 222 0,734828100849225

78 227 0,677510951582181

210 18 0

181 58 0

92 62 0

202 68 0

169 78 0

115 81 0

62 84 0

153 91 0

153 91 0

96 93 0

77 98 0

128 99 0

61 99 0

61 99 0

72 103 0

204 103 0

204 103 0

131 110 0

61 112 0

61 119 0

124 121 0

124 121 0

102 134 0

60 135 0

74 135 0

61 142 0

142 142 0

142 142 0

168 143 0

168 143 0

72 157 0

119 161 0

30 164 0

177 170 0

175 175 0

112 177 0

26 179 0

200 181 0

69 185 0

216 198 0

202 19 0

202 19 0

103 23 0

106 37 0

185 54 0

201 68 0

178 71 0

124 76 0

166 84 0

166 84 0

153 91 0

153 91 0

169 95 0

210 106 0

74 107 0

204 109 0

115 110 0

57 116 0

146 120 0

78 121 0

74 125 0

219 130 0

57 132 0

57 132 0

84 139 0

79 144 0

85 146 0

85 146 0

58 147 0

137 146 0

137 146 0

70 152 0

58 155 0

114 168 0

136 169 0

110 172 0

131 179 0

69 185 0

215 184 0

98 193 0

171 202 0

194 207 0

198 212 0

192 218 0

192 218 0

212 222 0

200 27 0

74 33 0

175 42 0

137 74 0

136 83 0

223 121 0

85 136 0

138 152 0

74 171 0

190 174 0

62 185 0

179 205 0

170 210 0

186 214 0

10 228 0

9 34 0

9 34 0

144 70 0

144 70 0

104 72 0

126 82 0

126 91 0

138 94 0

131 100 0

78 106 0

100 109 0

127 115 0

115 119 0

124 150 0

172 184 0

146 9 0

144 40 0

158 44 0

169 50 0

64 64 0

64 64 0

67 84 0

156 93 0

156 93 0

112 109 0

104 117 0

63 121 0

184 136 0

132 170 0

114 206 0

159 10 0

181 59 0

147 105 0

154 119 0

119 134 0

119 134 0

9 138 0

195 181 0

200 198 0

203 90 0

195 111 0

110 155 0

177 164 0

211 172 0

211 172 0

151 190 0

74 193 0

74 193 0

84 214 0

178 215 0

201 52 0

201 52 0

110 88 0

110 88 0

196 110 0

83 42 0

155 166 0

122 48 0

174 103 0

96 175 0

125 135 0

49 33 0

