42 54 0,95 4,047
0,489172357756515
0,63214353902221
0,63214353902221
0,628042502492914
0,628042502492914
0,674965248381274
0,674965248381274
0,489172357756515
0,829059657662971
0,677574584930302
0,563627284005699
0,563627284005699
0,524699935384833
0,924920852364529
0,556392527637674
0,556392527637674
0,762378440348496
0,824279320815607
0,838811369577249
0,838811369577249
0,878898761776834
0,757278879244744
0,847594371591223
0,847594371591223


119 59 1 4,796
0,84950177283742
0,84950177283742
0,776446020148161
0,776446020148161
0,884945175206115
0,884945175206115
0,806803648863277
0,806803648863277
0,978377911286454
0,978377911286454
0,982219037807277
0,897049156449068
0,614608163343247
0,614608163343247
0,80019150335348
0,812910081039115
0,873957106628978
0,873957106628978
0,879888176373895
0,79692360957961
0,778046813973753
0,778046813973753
0,907435572995691
0,901289101224504


121 71 1,03 0,893
0,969571859932183
0,944039113610911
0,822890017049817
0,85060208845467
0,733249152907275
0,585330671069936
0,805378341187434
0,919955303755083
0,829538974341975
0,949443525376706
0,896654042231908
0,944039113610911
0,931495027298886
0,866990433811794
0,861196893523524
0,85060208845467
0,729756538306865
0,591986662314178
0,68952609975333
0,585330671069936
0,468567072631537
0,82245148177082
0,912739346760225
0,919955303755083


47 80 1,03 3,812
0,795840862000145
0,883206062504784
0,679118280350082
0,880940075281697
0,819383062949088
0,757456618926624
0,961835433583511
0,792572337164435
0,896535091012125
0,896535091012125
0,827334593398979
0,738524121436628
0,8563633211223
0,8563633211223
0,925210709778488
0,933590883999891
0,777525642582242
0,777525642582242
0,930160677000785
0,742937079015869
0,508768673553856
0,508768673553856
0,742584358627139
0,814290141089018


38 84 1,07 0,845
0,862323713614236
0,920174444634674
0,957807116169402
0,854659641596188
0,928132918059743
0,884342351738138
0,847205150108155
0,720307579811054
0,813015872285948
0,743525072067045
0,898223424800143
0,920174444634674
0,803927815452501
0,81624386335183
0,880912159524205
0,854659641596188
0,872881786742347
0,92893126064701
0,855034427178632
0,884342351738138
0,819247365368553
0,762699965936001
0,714723715929563
0,720307579811054


61 95 0,94 0,925
0,710898104752298
0,643239297588064
0,643239297588064
0,725772017061213
0,725772017061213
0,793695694926336
0,793695694926336
0,710898104752298
0,840691063409036
0,760677782146678
0,406069909901128
0,406069909901128
0,733314324732273
0,780515778155581
0,774216076883172
0,774216076883172
0,814021745775511
0,80313245687945
0,765896777037595
0,765896777037595
0,601719520033842
0,632995295518552
0,688100543528605
0,688100543528605


61 95 0,94 5,536
0,767508718584394
0,738609445919953
0,738609445919953
0,718726220203082
0,718726220203082
0,715177741914175
0,715177741914175
0,767508718584394
0,587218794556214
0,582840190807388
0,695222966054379
0,695222966054379
0,887887699586661
0,831275020805781
0,513878333353692
0,513878333353692
0,778241301824506
0,841720092256648
0,793082119335639
0,793082119335639
0,846182135145465
0,802799861518623
0,779823200063494
0,779823200063494


96 96 0,93 3,618
0,835591042027514
0,835591042027514
0,822114969124224
0,822114969124224
0,705077606067246
0,705077606067246
0,814252519066493
0,814252519066493
0,818196857341145
0,798132626722401
0,741617217326441
0,709269655190782
0,709269655190782
0,762709917718698
0,88152482499353
0,784084054098224
0,784084054098224
0,60987823857757
0,546418664779935
0,723980031279886
0,723980031279886
0,821311504085436
0,84580233617944
0,818196857341145


96 96 0,93 4,738
0,813467202668452
0,813467202668452
0,695613004333974
0,695613004333974
0,811002849785681
0,811002849785681
0,827072564420507
0,827072564420507
0,694957027730382
0,694957027730382
0,762473183859341
0,869198310323099
0,766776703738101
0,766776703738101
0,616099895211473
0,544147175850515
0,721677543072809
0,721677543072809
0,832829959592518
0,855274300071225
0,821678479899742
0,821678479899742
0,801967381133072
0,736667941038839


28 104 1,02 2,946
0,936560306670998
0,82911745310171
0,774095637809644
0,743542627909357
0,793659206969101
0,774969698585131
0,714558128822219
0,781266727258078
0,915403517872545
0,820689375111117
0,8746469301068
0,8746469301068
0,660299037626947
0,453350066589288
0,861365020836506
0,861365020836506
0,924288679706059
0,912395826375164
0,690417614048058
0,690417614048058
0,746778120789468
0,809477293180006
0,900045349991237
0,900045349991237


91 107 1,06 2,756
0,847750115902985
0,877559425959242
0,877559425959242
0,668015464747687
0,668015464747687
0,725395908831755
0,725395908831755
0,847750115902985
0,966540021765334
0,821308767686575
0,980684456649062
0,966508966116109
0,860527325768799
0,724653591746781
0,683782671138822
0,613851065831955
0,65261026866861
0,813948034025191
0,64464337439763
0,75393584507636
0,878113500418356
0,90583373548319
0,877712640404774
0,893938587335888


45 108 0,98 3,359
0,879028754259228
0,879028754259228
0,742862710521198
0,742862710521198
0,77474532044672
0,77474532044672
0,955664964214333
0,955664964214333
0,748039302857427
0,840667655755154
0,840667655755154
0,970390269163561
0,845992597145024
0,791723452706476
0,791723452706476
0,552591168007228
0,862962419780926
0,843056192461782
0,843056192461782
0,677329103433993
0,749502759049616
0,78414298814944
0,78414298814944
0,8459847220721


107 114 1 0,122
0,622119622436332
0,622119622436332
0,704695570903705
0,704695570903705
0,767316953613058
0,767316953613058
0,630756336343747
0,630756336343747
0,765175651580696
0,765175651580696
0,945364165449147
0,862901670955947
0,845600250983233
0,845600250983233
0,809674355312928
0,690950452277718
0,686824004683662
0,686824004683662
0,83325212365201
0,971151947621855
0,900802371164516
0,900802371164516
0,929639329290382
0,780688604141235


109 117 1,1 3,79
0,912075596894798
0,928003741499748
0,717264960168286
0,602718989307602
0,771104493389792
0,811694098078555
0,838277304113674
0,668901841624464
0,830772940286788
0,830772940286788
0,982062698429203
0,93340950149484
0,749417838259369
0,749417838259369
0,756471915292225
0,761239008759684
0,794097451203208
0,794097451203208
0,836012574278254
0,734114218800604
0,890123720248454
0,890123720248454
0,824334666869925
0,852705478397281


103 118 1,11 0,032
0,951676450288972
0,870946936373263
0,850344308004867
0,912066630360547
0,802460793795385
0,78451105266408
0,817486953575463
0,720659084033734
0,873702900168688
0,873702900168688
0,93333318998692
0,884676760721924
0,835487594574283
0,835487594574283
0,820063549561953
0,661184341408307
0,88131454993329
0,88131454993329
0,618352315311909
0,845738393354344
0,717707539906744
0,717707539906744
0,80111891547045
0,807574793550973


117 123 1,1 0,686
0,681192061576123
0,734571767769898
0,679712395777347
0,76885653739694
0,830786817496456
0,859384525734168
0,729990984897848
0,748768748665513
0,930044476235927
0,930044476235927
0,873342690871354
0,905910981757249
0,738990602721819
0,738990602721819
0,736939194794294
0,923976227064518
0,837368693858995
0,837368693858995
0,861923971641559
0,777165254249002
0,903381140974019
0,903381140974019
0,925867819913543
0,77758750871003


56 12 1,15 1,468
0,802751323246298
0,899145524006462
0,871990148836241
0,827712619989287
0,89399106241772
0,792525550356834
0,772042620912638
0,953333334229406
0,883248397786283
0,875085423923244
0,692024920633158
0,799021947174056
0,893082233994655
0,922596131175379
0,765835746785862
0,643758225807466
0,803607113511296
0,816713401848336
0,918320054959044
0,896699618548936
0,787745206827792
0,951322622155868
0,823518328514417
0,798473170464387


111 14 1,42 3,658
0,425889649757144
0,675892902630572
0,828372440804816
0,904676414467366
0,863137001492419
0,744121420317716
0,713377335406324
0,649904212275957
0,513230001867875
0,605628511164722
0,824094339392812
0,875214413666736
0,932518761884197
0,866536445639258
0,916249905886203
0,953059030266633
0,953899867148511
0,94018599521564
0,795695414452773
0,85549015292446
0,860524121723709
0,860973577627717
0,874686802028963
0,76017337663785


40 18 1,28 3,978
0,933263284334946
0,939641027824157
0,854962359165114
0,429551192452942
0,606447959914444
0,834442499513497
0,81724233673556
0,882906139307121
0,686499794010744
0,880514895955158
0,968487747948667
0,875037714006738
0,824988150939895
0,635556241393507
0,522736282770115
0,82506368493122
0,636832404843177
0,78044622863569
0,873730919150601
0,897235486083354
0,9114764605546
0,738761868081938
0,712838641240401
0,459246192980067


58 20 1,22 6,165
0,862323055839846
0,638699991642207
0,908107454905366
0,783917258526512
0,831762390759133
0,853559757992554
0,841526678474146
0,922846182857951
0,68211378125147
0,694782197613954
0,595015091848448
0,593413535614181
0,826623474248467
0,825099130209892
0,950524046184081
0,92560050016205
0,652543297354647
0,732446040033671
0,730808314092885
0,629624097054615
0,828560341965621
0,992549617625863
0,843179667944268
0,732337538172827


96 23 1,29 5,716
0,961433201938448
0,884014604313223
0,846828638102039
0,886495398081809
0,902427173207485
0,896177117940639
0,794351675263918
0,909141964153358
0,826551050609878
0,963185908993906
0,773483235945914
0,75132161666217
0,792454901252867
0,911281192587793
0,951040148857425
0,959718765746356
0,888397717311767
0,974627519752288
0,954584353463363
0,965936641714295
0,886667603619055
0,884442368184925
0,931987837442477
0,945253075799272


72 38 1,44 4,71
0,811361283093387
0,79553880249779
0,873448903302904
0,846883261381802
0,712235702381861
0,767174934338867
0,827781324970915
0,912021043600283
0,887703610539827
0,915078375695215
0,827961813458542
0,895732689419305
0,661824716021752
0,722978317705065
0,765734277393257
0,790559196261074
0,709520985869326
0,803718524071187
0,852834305151147
0,880803719482195
0,888649629011361
0,945040148590598
0,89369487886495
0,848216483531341


62 57 1,27 0,854
0,522977581386206
0,522856939740938
0,596870763258635
0,849533072298001
0,88070398799038
0,766591377650319
0,451409239435486
0,520046022079799
0,687667499787586
0,898409118846118
0,892883247659492
0,67958821796051
0,637388513645085
0,888545570549694
0,928664760970469
0,834547031721585
0,905045434375605
0,839711618792208
0,874836995227496
0,575157001960753
0,474077741728827
0,694185026480792
0,661021912176131
0,727051600686094


116 58 1,17 4,805
0,537617041830164
0,71777991488792
0,825652558384496
0,730988365713157
0,500022995041137
0,645944963518176
0,878343490344412
0,809676208201163
0,601987904171568
0,768750360437182
0,423952145275338
0,479188720181285
0,930934684665551
0,805021896733566
0,784322780688732
0,459886770710269
0,411731439764137
0,458914996780262
0,523633306213762
0,907749630694486
0,947745402457548
0,765710056594449
0,607474078117133
0,545663535664286


55 60 1,3 0,619
0,944634801761184
0,925767864178122
0,714168942672533
0,653604949837762
0,715436799129161
0,819701003934266
0,875981508950365
0,946527176077611
0,641137298670903
0,850234119159582
0,855135643941741
0,834212259767779
0,88459839097216
0,848513222455781
0,649622184379421
0,530753014290278
0,336045916451203
0,702438586777371
0,855887145884973
0,909933408988078
0,748814819311209
0,8594020358212
0,966983505637935
0,782979250479733


81 66 1,18 3,641
0,915722402463106
0,898015234971113
0,966432625994765
0,850560376748476
0,732102095613055
0,499030953852891
0,746070485461022
0,994642241213984
0,806631440480012
0,883269907303429
0,888677895622115
0,933285392079041
0,908916858759646
0,91303555985595
0,900229437135502
0,76311891176993
0,700538780907186
0,481977956795432
0,589319877775874
0,620737416547616
0,839380103367389
0,945968121623805
0,91100169977139
0,856470795077388


16 77 1,22 3,109
0,915500454244264
0,854270860828485
0,929127972942544
0,839554951081847
0,886650711625085
0,865289562962464
0,888115235183426
0,929655344701883
0,895421350163274
0,800395035022299
0,778228394947131
0,882725542149934
0,880178761054139
0,741763413372613
0,932356317926111
0,941617774670132
0,84547451798272
0,732889002655662
0,844639737117143
0,94212610218247
0,937843630696669
0,927060561051688
0,896591627054475
0,884852694248617


43 79 1,19 0,594
0,884382043713287
0,801508599665946
0,834137866992945
0,874860296564152
0,78742663319042
0,836540847360221
0,871225896311442
0,561338503611379
0,711237971799299
0,711237971799299
0,75192868028106
0,799500042492887
0,868495867571502
0,868495867571502
0,670165686220465
0,760568332781014
0,951437236207352
0,951437236207352
0,635843011663326
0,624786968067919
0,706255096830722
0,706255096830722
0,847723154786851
0,829631093157896


76 93 1,15 3,333
0,799463312061551
0,696290377877605
0,767189381943089
0,642135773316666
0,839244799258802
0,547652627104756
0,462348238325933
0,460073605036592
0,808671955665706
0,956477429611779
0,956477429611779
0,826366737913155
0,867862427522055
0,826513186902
0,826513186902
0,980689231220053
0,971339794270187
0,828967007784236
0,828967007784236
0,799429957297933
0,67657087795959
0,314938377786189
0,314938377786189
0,736614135277018


105 96 1,14 4,697
0,471782027793359
0,842982627465681
0,725155804755747
0,476149595574337
0,806052026771205
0,57066159202418
0,759741039460915
0,803250998606062
0,562544004913937
0,53846659514994
0,587464985494818
0,638003297673322
0,638003297673322
0,728719214451279
0,735570009919887
0,485306621279714
0,485306621279714
0,616144236901169
0,646921610581113
0,836065201260979
0,836065201260979
0,677659453944265
0,574372075365345
0,562544004913937


33 102 1,29 6,002
0,676170083999352
0,753886763617581
0,398166461989888
0,45379381502434
0,783558946057243
0,694395262808916
0,884861128388601
0,793332488158541
0,795402091410698
0,604999611784114
0,570025547322588
0,528378206213709
0,616463905540343
0,718609376394428
0,691661627168686
0,974805948922068
0,924490447539886
0,764398520999858
0,780418036870261
0,865240098467382
0,877007332894295
0,911398058140492
0,974997193331657
0,857786532489185


54 106 1,14 0,401
0,93488758852208
0,806491057705013
0,756848349095641
0,891943990498861
0,886855579122399
0,777567117865547
0,566634246170643
0,787307055416539
0,756587311628603
0,90283701578886
0,788902589040089
0,711208065748981
0,711208065748981
0,929607657364879
0,908395685339454
0,799186365155527
0,799186365155527
0,911188673865387
0,750903555122262
0,525722207029948
0,525722207029948
0,496357876564908
0,781863039660812
0,756587311628603


120 123 1,27 3,568
0,861507772831473
0,889034046780645
0,85620708858906
0,961477233159079
0,889288945494648
0,8365637830446
0,865248058890091
0,905039335445938
0,905711903538365
0,914627127117413
0,881308278141219
0,888489212354504
0,958631597384788
0,897083060494182
0,830980727000146
0,727516931026983
0,781542637835572
0,888716568790546
0,862074350317216
0,895129746475032
0,985988591235939
0,924893936699672
0,858688801917909
0,869071015505607


5 126 1,25 0,096
0,68747233127039
0,657832529255278
0,941018096653065
0,902234067804929
0,921209849899617
0,824094850374435
0,951385863364757
0,829362412628196
0,904991199260276
0,933907607803814
0,654562276597603
0
0
0
0,96675696959641
0,869296253144482
0,913851333747412
0,945015558268532
0,910527138557634
0,820580468197031
0,849554497498117
0,869701646729113
0,952682846316719
0,866767412391008


80 4 1,78 6,036
0,970918878345236
0,951162321839494
0,820271684337864
0,793137811416562
0,875838620396947
0,881002675499109
0,926629508063215
0,968537071929925
0,849352481137781
0,929244182218428
0,939593855888081
0,95825805812421
0,888621623028691
0,854410014916482
0,841861665024822
0,92553521388511
0,882390727390842
0,918192752472957
0,870275318590258
0,861106491246387
0,989334067555721
0,992668430632415
0,938844010779561
0,842556929220325


4 18 1,69 3,797
0,812537132182701
0,826022640650585
0,981165438238912
0,985744029894401
0,896985556332238
0,912070589334786
0,885489893208537
0,858292952290477
0,920873068697452
0,850552849941198
0,856028896212497
0,887084995051269
0,993697489106795
0,977277500089958
0,914842396849535
0,878224214013995
0,792377534068143
0,794433736299547
0,78805947014527
0,877180141865123
0,874237728495336
0,842957305164462
0,858680087085791
0,898216627156596


4 18 1,69 6,165
0,983427198629313
0,89773655873746
0,913465583039401
0,893703530636084
0,863028295062525
0,822927684833762
0,819710393464569
0,980392518862215
0,918395884305653
0,884865898602915
0,811058321153923
0,79300070711067
0,768253820855303
0,870152885265427
0,88142128525207
0,851216011734045
0,860182398413964
0,897930145921913
0,927155782081369
0,859148551589503
0,846954337248967
0,892840242102858
0,992027155072672
0,977259622834196


57 39 1,68 4,821
0,769943866141592
0,863869504055922
0,80853730525924
0,844531213404909
0,721860167343559
0,726014120726253
0,746394088560296
0,606590553049928
0,894021101747788
0,956109321523079
0,888951029868306
0,837062030545957
0,806210563696864
0,868125868586891
0,933624282507599
0,90442984475135
0,902216026252487
0,78034349488469
0,774165993474031
0,905151001962073
0,802014723316252
0,55049400687299
0,476438529178159
0,89138709171786


69 45 1,56 0,665
0,915903125137126
0,913321563973814
0,878308496669894
0,906137603069457
0,95212544369362
0,948594885752553
0,963399657325735
0,934901757501314
0,876214966031343
0,824926183842327
0,763459563071137
0,818510872145749
0,773029172148319
0,858361314773189
0,978598567945657
0,938828929618886
0,938634129318558
0,876751699563798
0,836872070534357
0,870879683594099
0,913669721072627
0,905337833132123
0,966230745793342
0,959494136469446


75 45 1,51 0,526
0,769535933430595
0,77238816761511
0,78722991651177
0,95167283229703
0,988431496886895
0,870187172091881
0,771814981500932
0,81190261655574
0,578901573914808
0,796061788336245
0,7963957313001
0,819062268176236
0,771430406991434
0,882384377561535
0,960529399727598
0,962964648617383
0,936018788254251
0,901750883693804
0,769498093851673
0,666533409578767
0,672525908436928
0,779904238593106
0,878759257644563
0,751695552833357


69 50 1,59 0,664
0,932491909440147
0,857472862292758
0,841832752457764
0,759573367908873
0,878794718245978
0,806951760428825
0,762206513991874
0,819502980567913
0,908876110067809
0,849017225231004
0,823733800549499
0,87042226612708
0,914114202299493
0,7881895960472
0,806612451299038
0,861102348061096
0,915881040242414
0,768506515136643
0,879595689941787
0,915551676355039
0,822955585937699
0,775457522566161
0,970365238641623
0,962123229523574


76 51 1,61 0,543
0,788573971528276
0,860052780381904
0,9486860210218
0,95538962224338
0,95227477904516
0,899547308937234
0,888336429030188
0,867138242567085
0,875554293491404
0,846360871657833
0,969256089703321
0,888021008232396
0,951448828651924
0,955252765230163
0,939785519440266
0,966640726898157
0,949816931787203
0,848576624396774
0,726884071550959
0,753680425227476
0,849455742717101
0,795549108438164
0,781969579458221
0,828228947108304


72 55 1,85 0,314
0,710422235163033
0,747113293536874
0,858746480235453
0,905637514899281
0,90697142960386
0,940109375181143
0,917232390183912
0,803488901686831
0,834748150067635
0,915153911724261
0,861058947536897
0,775066934105726
0,807149299910851
0,809045783691548
0,802785608634034
0,746186903736116
0,875100791310432
0,883829246541734
0,906395619406924
0,916634057670379
0,854939498020587
0,759700459628222
0,932127157939353
0,860737541972007


42 58 1,85 3,852
0,971358968315151
0,992887318898134
0,903394662540801
0,828933495325424
0,829003002328307
0,861730513428058
0,957737558447744
0,985400819780159
0,861622851153793
0,81868644674144
0,851053155581813
0,857343629904603
0,906292784070314
0,942151003399167
0,94380819800164
0,610187745745425
0,768270800563209
0,91344315089569
0,866275499866947
0,71560286873976
0,843219240685277
0,824683565718876
0,859303890628312
0,875069771357209


70 63 1,76 5,57
0,867997138184134
0,4985830796
0,713466070647672
0,937342639523205
0,975604675421963
0,774173730633653
0,628534375159862
0,729770737416014
0,930897167625091
0,966542249046132
0,789877550242225
0,55609501548181
0,741009914093558
0,914499260036241
0,977336584874646
0,958006876348827
0,954561679952048
0,932899876352307
0,830519059762727
0,730057499825247
0,611319366016194
0,858000513137788
0,839085715166126
0,826958184455818


51 66 1,57 0,494
0,965593137975303
0,963929491990215
0,864551315625107
0,908700905531783
0,917106794183004
0,832053534053449
0,842970151927606
0,920539056068497
0,847670171326982
0,851406803049351
0,69711674525127
0,905164602814318
0,825985659477433
0,883575399196537
0,747312867514971
0,779609212014485
0,762898902024961
0,681948945850191
0,653807566553874
0,709765835572569
0,847169289909872
0,9641483431719
0,912401479776939
0,833946227062574


68 82 1,66 4,865
0,89360833165726
0,886945011576134
0,825727667226189
0,781623165178036
0,778169400952731
0,900118012474243
0,906706952440498
0,929987573303527
0,941826330819746
0,864515619642903
0,898822334129185
0,958629188123725
0,923491129995512
0,668789897920356
0,645342736222445
0,68010440989104
0,701883636842177
0,765581330742797
0,908832864021265
0,946573254024475
0,951531460286071
0,92677864177975
0,936170755553873
0,963104698202407


76 84 1,53 3,714
0,699765153204138
0,735502505539124
0,649231854817664
0,662622921791245
0,701037327307058
0,692297733616403
0,667482043293513
0,716206807281908
0,836946980463342
0,870120913104
0,743795024545117
0,826629664008572
0,911786754039581
0,882300779621874
0,781684655894222
0,826329575357901
0,813012320626767
0,874787748237509
0,840174371737875
0,908378926174908
0,835772632633098
0,710130376799171
0,658077282561401
0,623144676937205


80 4 1,84 6,047
0,967238837292226
0,956774327130616
0,847279229503835
0,825531947744654
0,886409229319321
0,893700193265147
0,935061291175609
0,970065325791883
0,864450239198524
0,931925509380958
0,953186891293087
0,962840576570242
0,901037907179966
0,87894580710587
0,873817708289885
0,919995751558638
0,891216664380919
0,928589116460616
0,894518266592991
0,870088712277238
0,978045350287535
0,983463245607931
0,927917373143328
0,858369164357635


86 23 2,44 3,083
0,764088726274415
0,675182827326695
0,533536232478704
0,691010082361783
0,748986277379586
0,411367134467105
0,589548786141237
0,709275331142492
0,835337943147274
0,755133848611647
0,724273874890723
0,704365792958311
0,921821712323523
0,848955339701905
0,918106149253117
0,936916990741889
0,883157958022164
0,852333638167775
0,681575751082492
0,625487471303552
0,66989001122397
0,767744858136843
0,8861701772793
0,915446338146858


36 46 2,01 2,963
0,951328412963799
0,922219751504622
0,919302462344964
0,883074061410995
0,85582118067484
0,857432772349941
0,89018038460493
0,935953008679888
0,875637623125132
0,884007236557454
0,884498042407581
0,838781041131602
0,888181176900635
0,900226006906847
0,93521859416771
0,926217092282363
0,896846021363193
0,871980908255007
0,851275191615832
0,777595867876594
0,940155631339825
0,944096508869036
0,85685952241843
0,884521369351641


86 51 2,08 3,006
0,970290670383792
0,963296275853969
0,903391208021143
0,655476897228452
0,788728322211582
0,895499791941402
0,911748436864967
0,907263151719511
0,876694133296147
0,869952350564402
0,870253222068379
0,83832285333134
0,823199626868089
0,741467174911357
0,715384131483884
0,78433884236901
0,734154014022794
0,897727751774538
0,93166883058813
0,942168067510925
0,941386945335002
0,883732530368262
0,841975547969069
0,83286977610611


72 55 1,87 0,244
0,675345355825115
0,728636153138331
0,850398843741413
0,898949434864119
0,906546268457002
0,937281312779883
0,909280767773369
0,777717789562891
0,786940254052948
0,89417869108354
0,868520454642605
0,786136545128911
0,792718104968782
0,827421075869671
0,801583335495757
0,738891117394968
0,787026701307407
0,90899290648497
0,907350205569316
0,917255146709907
0,895680400158477
0,749051429314532
0,935582760477575
0,864635818952546


82 58 2,27 3,107
0,883771016452511
0,878367748114354
0,825022270378565
0,913589596871326
0,944490561427724
0,916371467935838
0,905336889701933
0,851964017053543
0,89032244181963
0,921631302850523
0,861208344208552
0,828560568384139
0,814078455329681
0,82769476201927
0,888018692165576
0,967370980676604
0,965894592113017
0,976980184555217
0,961195514805554
0,904048117445168
0,878563653092462
0,824565810242954
0,800904123161301
0,794232148606156


57 64 1,99 0,568
0,811170717841433
0,749204232601265
0,769079213786811
0,803116037922126
0,951354678702399
0,878728671638929
0,778564182483036
0,781878847174881
0,966828202405131
0,962704775763578
0,849278488794368
0,78849489330565
0,889269736906739
0,95729453672327
0,920273289931139
0,847494402943923
0,762817559261943
0,864599399994213
0,91179487756734
0,917382980870055
0,912121031043988
0,863025370659722
0,745796428414084
0,803031888826525


63 65 1,95 4,022
0,698808197730958
0,9070404716863
0,926051332552775
0,821284996328993
0,76084221798134
0,959376845621749
0,978624848314063
0,832430049038847
0,862738785940188
0,824268204081312
0,746225459484125
0,793664398333862
0,813524081038205
0,886369634505437
0,89326785649486
0,856032935756327
0,772606849804943
0,815635542142503
0,912109263582809
0,914519257612293
0,954417070545148
0,925114087189004
0,877588299784878
0,85070299504178


34 66 2,08 3,811
0,924831059126135
0,959312924391616
0,883463894880801
0,903315496062165
0,879291012319752
0,898036585617048
0,940313379755217
0,930305835842146
0,903140464034026
0,899338285293102
0,965921833441035
0,947479383867659
0,906205853649509
0,83449599909502
0,821851979226993
0,842944037264676
0,804814683699445
0,83357377168645
0,94290447539237
0,911765143033643
0,938921398382517
0,917890114391199
0,856402231788439
0,899154232463355


101 75 2 0,319
0,920254308784021
0,796296931234865
0,736842629702444
0,835888851233966
0,896513626758363
0,815312997717604
0,71388825058729
0,866220643095267
0,915001222863843
0,912687478141257
0,828953064749082
0,805153294568377
0,76136572265732
0,82957022308435
0,883215496003591
0,843484127831271
0,790594593491911
0,794141725564813
0,97156547358723
0,918140855858788
0,716939136067566
0,831642345574325
0,896089061979532
0,878518797213892


24 88 2,12 3,417
0,91441794281921
0,847585175089671
0,734157884560391
0,66107873518042
0,614895924274399
0,854962752153008
0,545681866565391
0,703872407452678
0,762364588026607
0,935664493089741
0,932301554153478
0,964997173516466
0,789207049795123
0,802389455087094
0,654236626396572
0,753713920762821
0,750722423762007
0,765868169369112
0,668962720885981
0,654573492058783
0,399068825905511
0,675927873925818
0,840081392952458
0,692334531345649


39 88 2,02 3,666
0,84801719144366
0,696026301617582
0,875779896690642
0,878634879255856
0,714018213726795
0,861895300548736
0,789917688087691
0,807910852315603
0,843341838813872
0,766569486134947
0,719285177643866
0,820970712124128
0,854755187439276
0,760551120104539
0,621304345460245
0,776589036342874
0,949153538362522
0,914067660113271
0,847899749102841
0,784230260821297
0,789561237051987
0,898072899164221
0,930522993289779
0,876193941855615


69 88 2,08 5,61
0,850370654066647
0,930833903412817
0,850871291359628
0,758904339943175
0,823117585403904
0,984532466912384
0,92811746375385
0,774438315794988
0,834763485729936
0,904822934683695
0,951374885789933
0,736520797488276
0,813166387480091
0,846223400372566
0,793718129394957
0,543510306207466
0,640358892903127
0,810732875407808
0,984384826756581
0,904034316952141
0,827517480590216
0,798642476984123
0,756967957054578
0,761962420806312


73 94 1,91 2,847
0,882782193910323
0,867270760069547
0,805220376457616
0,779990455091465
0,806500921547079
0,861065430966342
0,904685639514003
0,897706627993913
0,917832349962215
0,915641143496495
0,982076657311228
0,933479161829252
0,900785893768193
0,828853643851637
0,806126432679808
0,805152355445761
0,837193761188729
0,893729096747441
0,943834609687503
0,926367528970544
0,833574121053968
0,831173841721852
0,848075561651389
0,92389007403046


80 94 2,29 2,059
0,974166836771212
0,92743180954556
0,779919148643764
0,829556615840285
0,841182429058874
0,801717471996488
0,885915427187144
0,874403677720891
0,952087265523996
0,976660019672442
0,92760885710197
0,773312558560112
0,541450985558602
0,527379385928812
0,688920536749795
0,892083558055052
0,887933417270099
0,808349987625284
0,839042983912678
0,836761794215706
0,910902461265837
0,942668990760858
0,95693287434897
0,94535943747309


87 23 2,26 3,161
0,817205444384398
0,864522484040795
0,866394043963905
0,849345740776151
0,867546890553579
0,886442576314197
0,687631109960981
0,766425974504388
0,815039975486792
0,807018494217662
0,762887434962863
0,987034386779929
0,934056601691522
0,930886234125042
0,965087815888558
0,962785585944102
0,919341643760971
0,885581842006799
0,846238297532155
0,615766318725756
0,657308889326794
0,671781087960199
0,790050519327063
0,818710624537918


93 27 2,39 0,921
0,886439513720617
0,869198436295621
0,857377747606549
0,828583874214343
0,885500051862974
0,890745884890243
0,907884579821111
0,906179551072713
0,940457548473934
0,923847702508835
0,941859121768616
0,864168878581953
0,744641897059464
0,683780585999634
0,473643374098815
0,684614768217523
0,863280375239724
0,935318199377712
0,98092739005021
0,946367340931093
0,926042197872516
0,935444096903402
0,979396621064542
0,975105796247043


3 40 2,65 0,078
0,986146772498202
0,943914656243385
0,895664891747603
0,966794729332872
0,982038033990168
0,965379134523125
0,960152698266772
0,966196006913873
0,948806947689653
0,974748375845059
0,942178560085781
0,955438149828384
0,923776742699062
0,895095468833421
0
0
0
0
0,746506269373242
0,674080867841047
0,75861756047279
0,848846550719323
0,861849680050602
0,956266573080786


62 59 2,54 0,759
0,740820311457274
0,766409716605124
0,852712917233719
0,91372400623914
0,954726398364217
0,940689647009013
0,778979426429168
0,705550221919114
0,857080341353419
0,934551102300336
0,957218689510247
0,901624899024997
0,880468027700369
0,901010542444595
0,885239969783114
0,910554180115194
0,934016259410334
0,955729844498628
0,953744045589859
0,904303905442923
0,819135808437463
0,719637268634409
0,82340509838788
0,765887780916119


36 76 2,76 0,57
0,67951253686331
0,814229945742718
0,743261680821976
0,808639258102822
0,732708400571547
0,653567178217615
0,576771571877287
0,522047541935247
0,610579441224216
0,882980676095375
0,762913169103275
0,578692582574041
0,825394467327856
0,923027994114153
0,939131789285268
0,958106225480288
0,873861658554508
0,85370997773944
0,791480617571827
0,737919254281047
0,677407310842273
0,529006001881184
0,614706939782972
0,648653149436875


108 100 2,45 0,274
0,915489443467432
0,766995307699061
0,724601185180711
0,903337272946962
0,959837022698464
0,903345241461483
0,903930314653204
0,964188369990588
0,931673863615657
0,907749218749866
0,905220709818862
0,876980670494099
0,850212566822854
0,833981328080278
0,903881955393411
0,940159943688186
0,948091824400583
0,877461409460323
0,823156179075166
0,801156590673117
0,786154085595481
0,871838158556022
0,897014143542272
0,888224437471701


87 5 3,2 6,024
0,713908460071261
0,774147498255994
0,914151740904644
0,964503086765223
0,94888013711026
0,927879629605821
0,871841108825487
0,833747248240738
0,807431619028438
0,81508404641568
0,75735083377453
0,828438698965857
0,849499906129071
0,917282020721672
0,921564628216176
0,895725488658938
0,885867434534543
0,887211619655573
0,983425745306903
0,933304711389721
0
0
0,906050863796746
0,888275735431082


100 32 3,2 3,278
0,914188128835094
0,923659991508003
0,921312944298489
0,906570520966532
0,863467948798353
0,679978311287621
0,662328562292821
0,82106914274353
0,975419776059834
0,957212788104572
0,97334600940599
0,961672632267678
0,879585659065991
0,93266604006645
0,965654612450175
0,951013494245471
0,958920220450955
0,915753352289109
0,952709619074823
0,914447080148306
0,768572848563635
0,814525856420984
0,910523311667476
0,979709537118038


112 49 3,45 0,386
0,851081037302623
0,832638821178322
0,865067698877611
0,954860697154997
0,974548930983866
0,981795602342095
0,867281320570829
0,884113672782006
0,835880325990746
0,800615552089004
0,826157370126035
0,892095919966094
0,929287419437115
0,949254610038838
0,910277272586194
0,813902367551786
0,617064351333108
0,768607999347169
0,888647766750642
0,962575744940624
0,859180269344699
0,85674182705146
0,844212887256323
0,82730025007943


85 66 3,13 3,51
0,899667939708139
0,893888060891856
0,929580593987286
0,923028402722167
0,770986222425272
0,569352696599157
0,674272203261602
0,831359561442417
0,942016489357162
0,916094704859077
0,910368357586369
0,93329350986023
0,991286887577364
0,931843097266562
0,893290319613012
0,881028038219592
0,908458230653048
0,851756938219949
0,778789315217865
0,727443300143984
0,720440542956424
0,874665651094982
0,970954487991278
0,98004269610706


65 73 2,96 1,341
0,873678484278833
0,759539885517681
0,7384105852578
0,746424681309541
0,780963488934111
0,736749179032092
0,731462126542805
0,88285989078032
0,963595683731262
0,862204204925539
0,751404782382313
0,729415985909678
0,695087841828828
0,725987017613844
0,87057626314924
0,899579611849907
0,911047992156162
0,852459490784285
0,920229818717171
0,730055767296639
0,645873001856542
0,689393852852688
0,724390696614354
0,964065879347402


65 73 2,96 6,012
0,742928521260908
0,865269835564701
0,918823901403908
0,772735009027974
0,692045221685109
0,711804373647914
0,759499274543112
0,746791940642646
0,666210124962582
0,784362524083618
0,922714914776359
0,96796149377981
0,96008643684951
0,874337290963054
0,766497798779463
0,718718378548963
0,688754902992133
0,718785383421703
0,801673159937072
0,902438313245633
0,926348409703007
0,865418993750613
0,917124349855666
0,730129785320594


37 78 3,19 0,811
0,744764618703605
0,595304540259749
0,707391325870605
0,757050478142379
0,682197229449317
0,769063607832579
0,546682088966203
0,478362972047738
0,779096535501599
0,848519770606103
0,693638810996343
0,656781179685374
0,857952958134246
0,83402747101759
0,857682187950538
0,868756902933408
0,671109470201313
0,565038593414311
0,893346962788574
0,758863409214363
0,604500447368057
0,625483449307313
0,739639556864438
0,642799151407977


60 86 3,23 5,838
0,911125420932063
0,902089695389536
0,827578071057723
0,823368272137984
0,836988664627351
0,832129962919421
0,759381230067343
0,819305963865959
0,95032556767513
0,984375660111841
0,935456752133957
0,791639881895241
0,771556685059707
0,871505030255026
0,831125940470409
0,8328042718474
0,888120412011517
0,872255992508878
0,838978058753519
0,786429501240366
0,738792279376213
0,730786893895913
0,791307815399295
0,940243737074995


97 90 3,44 0,086
0,813535568732404
0,818975271949003
0,857576368955303
0,904202207456511
0,979203039230641
0,989970613053915
0,898748263459714
0,835597333452987
0,837655200242671
0,850560842789842
0,881212190326525
0,915582213502394
0,889547393677433
0,877289825439701
0,909086952963674
0,918218858837433
0,925909351058215
0,884719774014005
0,954920231824269
0,98420522111777
0,904124888186727
0,794284589686097
0,813185974055145
0,853597760658222


116 95 3,46 0,075
0,848910628364789
0,855832733376556
0,788232691861787
0,866352803931952
0,869183784479631
0,839407233174553
0,580840515667869
0,666251696846787
0,93473114460322
0,953388853918724
0,974828466954983
0,972149292931217
0,897748276593021
0,968077833807773
0,984355590126296
0,951743459976477
0,848468719931936
0,821988212841047
0,901599601851563
0,953683836175046
0,954113070634246
0,900768050533498
0,831156888838342
0,85131925765799


116 95 3,46 3,997
0,901990738187661
0,711125044510133
0,57059409079467
0,834986904278034
0,868065719683397
0,816498101960002
0,907989176830272
0,916447863946292
0,919250991569997
0,953959259286985
0,898744601503594
0,853790361465036
0,804405381249218
0,832206978861023
0,930116427609233
0,960903275491253
0,986516838015752
0,975540648521919
0,892707241967475
0,966457995243408
0,98020255194153
0,943807137536249
0,848128628248882
0,836913239326376


84 105 3,31 2,269
0,783926248715838
0,800629339589478
0,816177898893601
0,873100786172153
0,974433153035198
0,954302253769781
0,800805853526633
0,754985631062301
0,717750670145035
0,823982617673321
0,868561247283551
0,859139439766354
0,921017973972307
0,944068270720529
0,923968928860946
0,889935087412269
0,883105810212369
0,915497380034429
0,95217052411099
0,978659226223876
0,912681236438043
0,77948148785666
0,74208474596711
0,716087900271528


41 106 3,3 2,884
0,659935153168218
0,758268635479369
0,56569910885606
0,683735353484246
0,838178684449507
0,695028478363071
0,74914058160456
0,938199028249468
0,520140509101196
0,544130595760943
0,80914598448934
0,773175009188813
0,722538872119061
0,792487570677944
0,916901193962013
0,84691198597106
0,809188025678831
0,727202807734812
0,560843185644165
0,563504259114743
0,48342022806827
0,496674137407032
0,80023372185571
0,423817678279656


41 106 3,3 5,946
0,858598877466185
0,703259902207255
0,679040792491074
0,905011309843539
0,605343576680577
0,737695556795602
0,584423055849937
0,668595277295777
0,807860152655587
0,738986905752283
0,683144821277057
0,632957626181749
0,497238691682548
0,484861306340686
0,748835698702526
0,699917222325221
0,589957611488982
0,517580757565119
0,751146853730718
0,760322451290539
0,733682330340552
0,81832731356272
0,911084333626341
0,876142601472994


32 108 3,15 5,905
0,590308665301793
0,5309332534091
0,63264941677597
0,560499800404279
0,589008475139712
0,779772683231686
0,732296661837934
0,728496824974628
0,554287894980894
0,777672438475621
0,730308298680194
0,867492841904198
0,823433803728056
0,700450246733442
0,543264310500357
0,75791502374625
0,918308620857102
0,939043605255509
0,95722386525362
0,982597716102761
0,892442982030477
0,580674327245596
0,804270257019095
0,759311889846485


110 109 2,82 3,626
0,965485354056302
0,957790938595253
0,871848368629881
0,824456706759559
0,870116769456489
0,735591420855072
0,751810118952383
0,903326283963212
0,937603625215586
0,913432182078521
0,858115927772931
0,895747700682283
0,842321652269011
0,851715855306761
0,96995257698871
0,952271714156336
0,957334554666882
0,962241994951234
0,91384055271987
0,807207897528354
0,799145624346311
0,928903262860889
0,958117545281323
0,942158036474502


46 118 3,57 0,473
0,872760616336632
0,896374283808007
0,840082246654591
0,868341455698077
0,800455381723024
0,60168291740526
0,697510356008795
0,813901824123747
0,923899319150708
0,943786426638003
0,975702992711832
0,950160075198992
0,827245027103099
0,931845583815384
0,9230931714107
0,776512823847511
0,591667377141558
0,526544501785266
0,640746877940509
0,677934440500405
0,774703331868437
0,880041416566898
0,922921387851785
0,927675989295169


108 61 3,88 0,315
0,822728753603026
0,863806351245383
0,879597506151332
0,932024118626112
0,956751971986686
0,958791221969886
0,942214697219721
0,888856043041038
0,879829214851014
0,905270075956001
0,856567199768786
0,83186927065725
0,882892761740578
0,966593165258862
0,984903221517734
0,952679142199888
0,864076467777536
0,8465923692832
0,940077539262931
0,974206200836129
0,912200465083902
0,876336066742602
0,856699130329548
0,870489676600219


98 90 3,59 0,075
0,820390842820738
0,796646465935061
0,824583458513982
0,857016346656051
0,965704056689743
0,970190425787067
0,865034747142514
0,82742704462304
0,875452222765466
0,838200945152654
0,881563797265988
0,918707753546038
0,907218854617231
0,861980022184686
0,879920790637742
0,901247509186735
0,91884689060688
0,928325196966892
0,989260008443766
0,970881488189836
0,854608697012204
0,775717458261509
0,795099145946965
0,844651047015114


22 96 4,32 3,256
0,83134634578911
0,854468512091167
0,837953396512889
0,941590086045903
0,937801049617199
0,908987659281642
0,918915328347213
0,892598035499301
0,746898083580661
0,911479320990568
0,893125912781328
0,809269285439032
0,904610629005537
0,881467062830723
0,837712958746677
0,621541701102865
0,627191206280753
0,844015056214516
0,959958461827354
0,894315075490936
0,881307467172998
0,973022864327336
0,894620802002211
0,800615975833367


98 119 3,6 3,026
0,77084273953217
0,740566905362915
0,746312754817005
0,823000435458295
0,803535326778512
0,714091838808659
0,704936201483009
0,796842250550676
0,882810683983738
0,944779905084537
0,98637245371286
0,899701040061551
0,708941360446357
0,753010592363906
0,874934169630961
0,933322605627241
0,946772940592001
0,911860066964477
0,94703059103121
0,984268411354271
0,993230232637912
0,94526831088269
0,889788388582742
0,823410749777879


111 28 5,09 0,691
0,906514314435479
0,866766581813805
0,901934876110444
0,942867634263002
0,897590331443898
0,856214177970541
0,718111860882551
0,868917133971582
0,966755067540453
0,980613451857738
0,958565093652118
0,935909519874693
0,982506218367508
0,974536367730127
0,99813173301986
0,958563391008634
0,877388124030193
0,882289239960023
0,967636075717729
0,921880966178894
0,754343214915194
0,844965551948074
0,945459268147129
0,965638648430177


111 28 5,09 3,373
0,916655774970023
0,897415858639404
0,781083661376716
0,794219312208839
0,898063238282762
0,891688594636697
0,849794383906719
0,929925644883181
0,952517608438207
0,88620766540289
0,869029576946116
0,953143671264992
0,930156684045709
0,800448020430647
0,83339894491372
0,933636005788017
0,968186611854841
0,966324268121557
0,976453158486295
0,969674820099928
0,927639589156284
0,977509123659674
0,962991717717947
0,997025503325313


60 48 4,97 0,338
0,764055120208641
0,860420572685594
0,792494523476635
0,796394296998027
0,886572631169654
0,891182736498569
0,697616119578832
0,798744740671315
0,81904020184393
0,902822580514173
0,93034894768063
0,945101449855777
0,853145943714482
0,724624636411364
0,813321939081624
0,950038344119891
0,89262127439264
0,926611264147748
0,93814910017008
0,833752945996367
0,665768947340896
0,762765801302528
0,889438891675548
0,862267165621117


60 48 4,97 4,96
0,757288348420291
0,811996789024714
0,750280394716866
0,868601374687639
0,829638558784292
0,911479267786472
0,944199918882833
0,942437446562047
0,724112408650107
0,72015297761269
0,847401748194759
0,872526762600752
0,736408667186201
0,839112445680639
0,927134428360848
0,938779204596332
0,892105702751038
0,789888392802787
0,865589830466054
0,96792038059286
0,90448088767923
0,91513322934355
0,944738674451228
0,898877208859788


85 92 5,24 2,085
0,945440468587656
0,953180636071389
0,917459118933678
0,919975621318605
0,711919804473779
0,53665599227235
0,72234815694831
0,920989373786676
0,935571107281687
0,985991595853399
0,956683442231618
0,888367866235731
0,920109260134662
0,967556840655245
0,973017307555046
0,916013545727591
0,701548070152831
0,79826620210272
0,73990546716842
0,702052173183319
0,773202655979359
0,892802351881979
0,976724741887966
0,933753354545035


