67,65 10,25 1,03 1,534 0,8610216

72,59 13,02 0,95 1,587 0,895429

30,29 34,15 1,08 4,633 0,4935365

67,73 44,18 1 4,654 0,798896

89,35 45,08 1,01 4,668 0,5743078

101,32 46,32 0,92 5,192 0,5100185

53,67 49,31 1,07 2,099 0,660472

53,67 49,31 1,07 4,224 0,6622128

38,77 51,75 0,98 1,904 0,7223496

38,77 51,75 0,98 4,893 0,7205551

112,97 52,46 1,01 5,492 0,5512229

119,97 52,35 0,98 1,22 0,5828232

119,97 52,35 0,98 2,349 0,5839472

123,1 54,66 1,12 1,552 0,565062

123,1 54,66 1,12 2,171 0,4718563

54,16 58,23 1,13 0,967 0,5972371

76,65 60,46 0,88 4,685 0,7148796

128,02 60,47 0,96 2,271 0,8885958

46,8 62,05 0,94 0,985 0,6086345

189,96 62,55 0,96 1,741 0,7761843

194,38 63,54 1,04 1,899 0,6268272

194,38 63,54 1,04 4,801 0,7950792

6,15 65,11 1,05 4,2 0,6168598

72,82 65,58 1 1,291 0,6402853

72,82 65,58 1 4,008 0,6758476

2,49 66,92 1,05 4,224 0,6782805

25,88 68,69 1,22 1,793 0

7,8 70,05 0,95 4,271 0,5397412

125,33 71,12 1,12 5,686 0,5800039

82,72 73,7 0,97 2,41 0,6357563

82,72 73,7 0,97 4,941 0,5669371

169,87 74,66 1,18 4,424 0

67,73 75,46 1,07 1,141 0,4287742

136,17 81,01 0,91 5,338 0,5769938

149,71 80,87 0,96 1,909 0,8754402

44,93 81,71 0,93 4,827 0,7083052

19,84 84,14 1,04 4,479 0,5039483

32,43 84,1 0,98 0,387 0,6239146

100,31 85,8 0,96 0,4 0,7681104

100,31 85,8 0,96 4,732 0,8595133

56,88 92,39 1,12 4,848 0,429136

60,79 92,9 1,01 4,754 0,5586141

155,07 93,76 1,07 5,35 0,7383981

186,35 94,99 1,02 2,307 0,8370937

229,15 98,65 0,9 2,885 0,8467748

157,09 99,57 0,95 6,25 0,868178

155,99 103,08 1,06 5,619 0,9060987

167,33 103,85 1,34 5,64 0

160,79 105,03 1,05 5,644 0,7531263

157,93 105,49 0,98 5,678 0,7831728

169,87 107,13 0,87 5,775 0,8606359

75,76 112,39 0,95 1,168 0,6536127

166,69 118,32 1,04 1,2 0,8651665

158,72 119,79 1,05 2,079 0,83393

158,72 119,79 1,05 5,58 0,6433863

128,72 121,74 0,89 4,905 0,8426425

118,37 123,84 1,14 3,613 0

159,31 124,49 1,02 5,553 0,4918683

45,54 125,53 1,01 2,127 0,9440163

65,07 127,25 0,94 0,517 0,9218487

129,42 132,36 1 6,195 0,7105003

137,06 133,44 0,95 1,706 0,8818922

137,06 133,44 0,95 5,734 0,8951694

112,11 135,1 1,04 2,938 0,8419874

139,73 135,45 0,93 5,313 0,9226004

115,92 136,45 0,91 0,172 0,640543

128,95 136,36 1,01 0,051 0,870783

137,07 137,01 0,96 5,509 0,8920178

159,74 137,12 0,97 2,425 0,6226403

219,97 140,1 1,08 3,786 0,7889149

95,79 143,06 0,88 4,733 0,8204024

157,22 142,84 1 2,421 0,8087606

115,29 144,46 0,95 4,552 0,8686628

166,13 144,45 1,08 2,193 0,572894

82,56 145,98 1 0,065 0,9144435

95,47 146,21 1,03 5,934 0,8198941

210,92 146,06 0,92 0,92 0,9063583

215,53 146,79 1,16 3,838 0,7885128

178,71 147,59 1,05 5,893 0,861315

146,25 149,48 0,81 2,183 0,7763594

163,62 150,64 0,97 2,4 0,8733398

214,56 150,58 1,04 4,105 0,7348952

176,43 155,25 1,02 0,417 0,8211197

176,43 155,25 1,02 5,463 0,7901068

208,17 155,57 1,14 3,911 0,7244155

106,69 160,02 1,15 4,668 0,7848654

179,33 159,99 1 5,862 0,8493526

79,06 160,86 1,07 5,232 0,8410625

122,89 171,01 1,01 4,31 0,6311251

177,9 174,92 1,06 2,45 0,8441218

162,2 177,17 1,01 5,812 0,8372322

179,85 179,19 1,12 2,572 0,8255369

130,93 186,32 0,96 4,599 0,6359453

61,39 189,06 1,07 1,638 0,7236144

91,22 194,59 1,08 1,849 0,5460698

94,81 195,5 1,03 1,847 0,6585605

106,93 198,76 0,96 1,856 0,9025676

169,86 199,21 1,03 2,094 0,7758716

111,11 204,9 0,86 1,954 0,937515

114,72 205,85 1,18 1,842 0

201,54 208,4 1,01 5,3 0,9057372

138,35 208,91 0,99 1,972 0,9343753

142,5 210,52 0,97 1,969 0,9035935

146,21 212,14 0,97 2,038 0,968364

151,03 214,13 1 1,96 0,8832008

151,61 217,16 0,98 1,783 0,875044

51,89 218,74 1,07 2,084 0,81659

51,89 218,74 1,07 4,324 0,8102065

162,91 219,27 0,99 2,006 0,9818899

159,21 223,06 0,91 2,084 0,965085

28,94 240,56 1,07 5,496 0,475266

198,71 244,39 0,96 2,321 0,8725809

253,4 253,65 0,85 6,118 0,9265038

64,18 40,66 1,44 4,606 0

81,39 44,63 1,21 4,777 0,7087699

6,53 57,49 1,23 1,403 0

62 57,85 1,3 1,43 0

65,8 60,25 1,37 0,867 0

65,8 60,25 1,37 4,274 0

98,48 60,13 1,2 1,364 0

8,65 60,87 1,29 4,092 0

174,64 63,83 1,23 4,506 0

58,97 64,53 1,15 2,199 0,4280156

88,49 67,32 1,47 4,259 0

90,02 70,47 1,45 4,254 0

4,99 71,44 1,16 1,121 0

4,99 71,44 1,16 4,381 0

32,99 72,81 1,28 1,294 0

9,76 75,03 1,25 1,507 0,6983979

37,94 75,62 1,25 1,633 0,7185272

212,41 76,01 1,16 5,5 0,4090231

157,18 79,16 1,4 2,186 0

26,4 82,02 1,19 0,94 0,4084027

78,83 83,21 1,15 5,201 0

90,58 83,53 1,38 2,694 0

153,05 83,38 1,2 2,244 0,782184

153,05 83,38 1,2 5,534 0,6217092

190,39 90,08 1,35 2,332 0,7992943

190,39 90,08 1,35 5,858 0

145,39 90,6 1,21 5,466 0,8752459

183,26 91,83 1,32 2,386 0,6463634

225,43 91,94 1,17 1,202 0

125,33 94,15 1,37 1,069 0

175,79 95,95 1,25 2,129 0

189,98 99,59 1,24 2,319 0,6393649

164,33 101,35 1,15 5,626 0,7978072

195,7 101,19 1,4 2,401 0

192,11 102,17 1,34 2,356 0,5960433

197,56 110 1,33 2,392 0,8373899

116,85 112,39 1,36 5,508 0,656373

135,77 113,16 1,34 2,149 0

200,23 113,41 1,28 2,413 0,7849633

220,51 113,23 1,33 1,435 0

16,48 115,23 1,32 2,146 0

45,33 114,87 1,4 1,769 0

45,33 114,87 1,4 4,527 0

203,39 117,85 1,22 2,379 0,6315245

166,89 121,89 1,35 0,885 0

148,32 129,47 1,31 2,333 0,8235254

134,31 138,8 1,18 0,277 0

129,38 144,05 1,2 0,628 0,7207657

132,17 145,44 1,32 0,601 0

69,01 145,92 1,35 2,969 0

65,69 149,64 1,17 5,185 0

84,76 150,51 1,33 0,286 0

80,32 154,9 1,26 6,128 0

179,96 156,44 1,2 5,929 0

198,06 160,86 1,35 4,197 0

118,95 167,67 1,21 2,27 0,6537443

118,95 167,67 1,21 5,251 0

175,49 170,84 1,14 2,668 0

175,49 170,84 1,14 2,668 0

158,58 175,97 1,35 5,877 0

175,5 177,38 1,24 6,033 0

157,11 181,26 1,18 1,514 0,6804568

157,11 181,26 1,18 2,815 0

68,81 189,45 1,33 1,615 0,9062168

161,73 195,37 1,3 5,508 0,6527097

178,1 197,44 1,19 5,488 0,5846387

165,67 199,62 1,32 5,438 0,7086212

124,98 201,5 1,21 1,847 0

141,22 206,94 1,37 1,966 0

124,76 209,67 1,28 1,988 0

22,79 209,86 1,19 0,885 0,7694153

17,09 211,88 1,38 1,667 0

140,65 215,36 1,27 2,116 0

216,29 218,04 1,23 5,365 0,8172082

33,97 220 1,13 1,578 0,830961

169,22 222,47 1,16 1,997 0

178,67 224,06 1,38 2,103 0

85 229,01 1,41 1,717 0

9,99 230,08 1,37 2,279 0

9,99 230,08 1,37 5,53 0,7742139

196,19 246,1 1,15 2,304 0,8218139

47,79 248,18 1,36 2,494 0

249,46 247,81 1,41 5,497 0,8213065

210,45 250,85 1,3 2,324 0,7927263

216,44 251,74 1,33 2,299 0,8220505

55,62 28,48 1,56 4,805 0

107,71 53,9 1,53 5,316 0

154,6 64,48 1,61 1,132 0

188,77 66,75 1,69 4,785 0

123,05 67,75 1,63 5,503 0

130,77 67,78 1,63 4,816 0

162,4 68,94 1,58 4,551 0

23,95 76,44 1,59 3,8 0

91,91 77,39 1,56 1,295 0

91,91 77,39 1,56 4,189 0

80,01 79,92 1,64 2,325 0

80,01 79,92 1,64 5,162 0

161,62 83,04 1,5 2,145 0

30,53 88,02 1,63 6,187 0

171,66 92,73 1,53 2,194 0

171,66 92,73 1,53 5,767 0

186,42 102,49 1,64 1,643 0

192,25 102,42 1,39 2,328 0

15,47 103,66 1,83 2,031 0

151,26 106,24 1,72 1,522 0

151,26 106,24 1,72 5,245 0

106,09 113,46 1,48 1,596 0

19,62 118,25 1,73 2,039 0

43,78 118,85 1,68 1,643 0

66,66 126,95 1,64 0,754 0

169,66 129,43 1,48 0,124 0

76,32 132,08 1,66 3,995 0

120,58 137,66 1,74 2,123 0

120,58 137,66 1,74 3,824 0

123,93 140,81 1,48 3,727 0

145,52 141,91 1,58 5,308 0

80,08 148,64 1,46 0,343 0

209,48 150,59 1,57 4,091 0

146,44 156,73 1,58 2,294 0

97,4 158,22 1,62 1,364 0

97,4 158,22 1,62 4,826 0

96,06 186,97 1,72 1,472 0

96,06 186,97 1,72 4,569 0

65,88 196,43 1,7 0,082 0

190,06 201,14 1,62 1,844 0

130,28 211,89 1,42 1,837 0

223,42 216,53 1,78 1,1 0

53,44 222,34 1,67 1,707 0

235,42 233,26 1,7 5,533 0

35,13 240,17 1,6 5,312 0

16,44 246,35 1,24 4,898 0

206,52 247,39 1,49 2,252 0

72,88 33,61 1,82 4,798 0

101,17 62,78 1,82 4,495 0

108,35 63,19 2,05 2,026 0

108,35 63,19 2,05 5,026 0

82,69 64,39 2,15 0,887 0

49,97 76,93 2,05 1,289 0

86,32 78,05 2,13 2,429 0

140,47 79,66 1,86 5,318 0

104,79 82,04 1,95 2,011 0

135,86 82,76 2,2 5,306 0

120,93 86,3 1,99 4,472 0

146,43 85,62 1,94 5,598 0

99,81 92,74 2,09 2,172 0

93,17 94,31 2,1 5,366 0

7,06 106,47 2,11 2,505 0

229,68 114,33 2,34 3,067 0

58,04 123,88 2,02 2,229 0

67,86 126,91 2,09 0,828 0

132,25 127,75 2,04 5,716 0

165,14 128,07 1,94 6,18 0

76,08 132,2 1,75 4,064 0

169,67 137,97 1,8 6,217 0

56,71 145,74 2,29 1,775 0

146,36 156,69 1,6 2,273 0

153,95 170 2,12 4,523 0

153,95 170 2,12 5,618 0

108,38 170,75 2,12 4,632 0

168,65 187,6 1,97 5,688 0

30,35 189,71 2,02 0,089 0

60,55 194,41 1,97 6,237 0

175,67 199,22 1,95 0,518 0

175,67 199,22 1,95 5,49 0

196,85 209,92 1,75 4,513 0

36,09 211,93 2,1 1,79 0

12,72 213,06 2,09 1,536 0

12,72 213,06 2,09 5,654 0

24,95 216,07 2,1 1,651 0

36,74 217,27 2,12 1,963 0

53,5 222,35 1,66 1,712 0

233,19 224,81 1,97 4,141 0

134,58 226,42 2,04 3,637 0

140,24 226,28 1,84 0,142 0

140,24 226,28 1,84 3,513 0

8,37 235,86 2,21 2,251 0

56,26 237,39 2,01 5,454 0

50,75 238,95 2,11 5,315 0

244,69 241,77 2,14 5,496 0

2,01 11,11 2,55 1,666 0

49,63 68,7 2,67 1,283 0

218,01 81,82 2,62 5,603 0

94,46 87,59 2,35 2,194 0

40,4 108,61 2,33 1,991 0

214,16 118,12 2,4 1,445 0

63,57 122,48 2,24 0,902 0

93,1 152,01 2,42 1,386 0

93,1 152,01 2,42 2,567 0

122,18 162,4 2,37 5,204 0

155,25 186,48 2,69 5,625 0

22,34 188,48 2,82 4,483 0

208,25 194,52 2,67 0,99 0

62,09 211,05 2,62 6,256 0

225,45 214,76 2,24 1,029 0

19,85 220,28 2,43 5,362 0

137,64 233,84 2,27 0,038 0

110,4 243 2,43 2,477 0

105,16 94,05 2,94 2,069 0

133,79 111,04 3,31 2,18 0

174,94 115,75 3,37 0,118 0

88,57 137,61 3,29 0,147 0

153,36 140,14 3,23 2,253 0

164,13 139,72 3,35 2,241 0

143,51 145,06 3,5 1,837 0

162,87 151,39 3,18 2,086 0

150,83 152,97 3,23 2,091 0

74,13 154,59 3,05 5,126 0

85,9 154,16 3,12 5,273 0

17,01 205,89 2,97 1,568 0

225,41 222,43 3,01 5,103 0

217,17 10,13 3,58 1,416 0

217,17 10,13 3,58 5,485 0

78,09 49,84 4,3 4,984 0

15,91 66,88 4,1 1,427 0

120,96 69,96 4,04 5,396 0

161,47 74,73 4,06 4,542 0

77,68 79,81 4,05 5,271 0

137,61 87,14 4,23 5,397 0

133,34 110,73 3,37 2,178 0

124,6 115,88 4,07 2,144 0

26,65 126,99 4,72 1,896 0

122,9 128,35 3,92 5,567 0

78,26 140,17 4,14 0,851 0

66,12 146,64 4,03 4,448 0

64,56 161,14 4,55 3,633 0

177,85 159,77 3,67 0,026 0

177,85 159,77 3,67 2,21 0

244,61 161,93 4,11 1,343 0

152,05 172,91 4,17 4,593 0

206,67 174,84 4,56 4,692 0

49,85 191,74 3,94 1,72 0

100,85 9,99 5,04 1,541 0

181,52 73,34 5,02 4,3 0

209,96 160,47 4,79 3,967 0

137,79 164,89 5,28 4,845 0

206,52 175,14 4,47 4,743 0

199,3 188,27 4,87 2,496 0

104,43 204,21 4,72 1,904 0

53,54 217,49 5,09 1,858 0

35,09 222,15 5,71 5,178 0

38,2 64,57 6,5 1,176 0

95,6 75,05 6,02 2,435 0

40,7 82,6 6,76 1,216 0

40,7 82,6 6,76 4,459 0

82,27 121,86 6,55 1,132 0

106,6 132,14 5,89 1,311 0

106,6 132,14 5,89 2,904 0

138,01 163,5 5,93 5,02 0

43,37 168,4 6,83 3,839 0

122,4 171,63 6,22 5,044 0

243,45 176,34 6,54 1,31 0

73,28 196,67 7,2 1,663 0

189,66 201,34 6,27 4,855 0

63,3 234,17 6,95 1,639 0

63,3 234,17 6,95 5,577 0

13,43 154,37 8,66 1,25 0

132,25 216,9 7,64 1,894 0

155,35 226,97 7,8 1,977 0

64,6 234,63 7,14 1,588 0

64,6 234,63 7,14 5,706 0

156,8 121,76 10,11 0,259 0

156,8 121,76 10,11 1,888 0

69,68 171,74 10,55 3,667 0

198,22 223,58 10,24 2,27 0

198,22 223,58 10,24 4,972 0

31,02 50,17 12,66 4,8 0

207,76 91,2 12,29 1,674 0

61,6 106,06 13,71 1,517 0

141,13 193,34 13,94 5,36 0

201,8 134,61 15,05 0,818 0

201,8 134,61 15,05 3,616 0

139,82 192,98 14,22 5,389 0

106,14 138,6 18,88 1,378 0

