146 39 0,634505715944123

150 40 0,807025571043529

63 60 0,950220623740683

201 86 0,815189251455894

54 131 0,791225043743956

158 136 0,707834812338856

85 154 0,698726375648387

85 154 0,703234855776706

160 57 0

195 93 0,642655560580311

211 237 0

150 45 0

64 100 0

137 134 0

137 134 0

158 157 0

158 157 0

79 175 0

79 175 0

222 201 0

213 242 0

213 242 0

169 101 0

169 101 0

94 161 0

222 201 0

222 29 0

204 60 0

204 73 0

186 100 0

162 133 0

188 232 0

220 234 0

11 252 0

154 169 0

173 102 0

173 102 0

116 130 0

128 132 0

160 44 0

188 55 0

222 219 0

201 65 0

163 116 0

234 190 0

234 190 0

169 212 0

235 189 0

168 213 0

197 237 0

136 52 0

135 52 0

