107 0 1,27 2,704 0

53 21 1,07 6,137 0,700226906876233

50 24 1,1 0,162 0,80904838950544

76 37 0,94 4,467 0,866591002781275

69 42 1,1 4,701 0,686052963095636

40 57 0,98 3,731 0,814221494022416

117 59 1 4,893 0,803755085426841

84 64 1,11 4,198 0,719142467423342

69 67 0,9 0,594 0,719556602781189

69 67 0,9 2,166 0,719335214769078

119 71 0,97 0,816 0,811262463531569

122 72 1,1 0,92 0,850272120892701

53 73 1,1 0,502 0,751493245098464

53 73 1,1 3,786 0,704502194346963

41 75 0,91 0,439 0,412958213765884

119 75 0,96 0,617 0,91223757778577

116 76 0,99 0,548 0,967260295683448

125 76 1,04 1,166 0,95423849265336

46 78 0,99 0,591 0,707556362217151

96 79 1,09 0,293 0,649985882723356

44 80 1,16 0,632 0,720790483827157

47 81 0,98 0,632 0,687072316376227

47 81 0,98 3,833 0,584686169521018

39 84 1,04 0,829 0,667899931291107

42 85 1,03 0,944 0,632770906162516

32 86 1,01 5,658 0,658305937986112

61 96 1,03 5,508 0,589356079726572

127 96 0,94 4,424 0,646839408043075

111 101 0,85 0,153 0,525545767686288

62 107 0,9 0,148 0,858646923916565

62 112 0,96 0,258 0,738643505885969

98 114 0,85 4,941 0,942950003510022

97 120 0,89 2,764 0,69841733021566

118 123 1,09 0,672 0,667955253708613

13 8 1,25 3,081 0,858944908517215

111 15 1,48 3,661 0

41 19 1,27 3,962 0,640298873868346

99 39 1,2 3,921 0,58498063270648

63 57 1,24 0,806 0,56764719120762

81 66 1,17 3,657 0

124 67 1,23 1,174 0

76 81 1,13 1,058 0,41620873151151

76 81 1,13 6,103 0,494090168059193

110 118 1,19 3,79 0,77931151559489

103 119 1,31 0,019 0,776806252779501

121 124 1,26 3,539 0

6 126 1,27 0,102 0,725591913108093

5 19 1,75 3,809 0

5 19 1,75 6,159 0

97 23 1,39 5,735 0

35 35 1,62 2,865 0

76 41 1,54 0,65 0

70 46 1,61 0,681 0

77 46 1,74 0,566 0

53 50 1,61 4,135 0

70 51 1,6 0,671 0

73 56 1,68 0,251 0

87 56 1,6 2,934 0

43 58 1,6 3,828 0

71 64 1,74 5,542 0

47 75 1,46 0,477 0

69 83 1,74 4,865 0

105 96 1,47 4,671 0

35 102 1,52 5,94 0

81 5 1,99 6,052 0

5 19 1,8 3,911 0

5 19 1,8 6,116 0

80 23 2,37 2,419 0

87 24 2,37 3,141 0

81 38 1,67 0,694 0

81 38 1,67 4,7 0

86 51 1,97 2,983 0

86 51 1,97 4,144 0

58 65 2,09 0,598 0

64 66 1,89 3,944 0

25 87 2,14 3,343 0

70 88 2,01 5,614 0

40 89 2,08 3,668 0

73 95 2,02 2,731 0

33 120 2,07 6,181 0

87 24 2,27 3,179 0

94 28 2,42 0,914 0

4 40 2,62 0,081 0

64 41 2,19 4,82 0

82 59 2,65 3,395 0

63 60 2,52 0,751 0

82 94 3,09 2,095 0

109 101 2,57 0,287 0

111 110 2,82 3,592 0

88 6 3,3 6,022 0

101 33 3,14 3,317 0

82 58 2,96 3,481 0

86 66 3,15 3,518 0

66 74 2,95 1,367 0

66 74 2,95 6,013 0

61 86 3,3 5,827 0

98 90 3,73 0,104 0

117 96 3,44 0,071 0

117 96 3,44 4,014 0

84 106 3,4 2,265 0

32 108 3,24 5,906 0

41 108 2,96 2,929 0

41 108 2,96 5,951 0

108 62 3,87 0,326 0

117 95 3,71 0,032 0

117 95 3,71 4,107 0

22 96 4,39 3,24 0

84 106 3,67 2,202 0

99 119 3,62 2,966 0

112 28 5,09 0,717 0

112 28 5,09 3,441 0

61 49 4,9 0,319 0

61 49 4,9 4,985 0

86 93 5,26 2,112 0

46 23 6,07 0,092 0

96 57 7,01 3,781 0

53 97 6,86 6,247 0

25 112 6,31 3,227 0

67 27 7,55 2,051 0

67 27 7,55 5,511 0

69 74 9,43 6,095 0

