223 414 0,774120041648379

105 513 0,757796938991083

863 188 0

487 350 0

122 441 0,924856211764548

993 492 0,790794628201235

130 493 0

993 510 0

778 178 0

434 375 0

234 423 0

415 438 0

125 486 0

993 487 0

124 516 0

990 516 0

993 553 0

244 5 0

795 156 0

604 178 0

775 194 0

606 202 0

606 202 0

607 215 0

653 322 0

645 336 0

835 349 0

928 351 0

928 351 0

488 384 0

407 385 0

996 394 0

973 397 0

231 411 0

658 419 0

829 425 0

809 432 0

131 435 0

888 445 0

423 446 0

894 448 0

894 448 0

883 449 0

902 449 0

866 456 0

866 456 0

260 462 0

833 467 0

230 482 0

558 485 0

125 487 0

420 497 0

839 500 0

414 502 0

414 502 0

695 506 0

903 515 0

900 521 0

881 539 0

283 555 0

283 555 0

253 8 0

942 20 0

227 25 0

278 46 0

584 56 0

846 61 0

237 69 0

130 82 0

117 91 0

696 91 0

636 109 0

9 116 0

724 134 0

857 136 0

731 139 0

828 142 0

772 156 0

772 156 0

757 160 0

878 170 0

848 175 0

848 175 0

787 176 0

787 176 0

792 182 0

610 184 0

536 192 0

457 200 0

683 204 0

623 206 0

802 209 0

859 210 0

589 211 0

589 211 0

856 218 0

684 219 0

803 224 0

791 227 0

577 228 0

685 231 0

610 231 0

858 238 0

858 238 0

792 242 0

804 242 0

785 244 0

705 245 0

696 246 0

611 247 0

799 247 0

860 248 0

765 249 0

805 251 0

860 260 0

552 267 0

806 268 0

813 275 0

813 275 0

782 277 0

801 278 0

862 278 0

807 281 0

794 282 0

615 284 0

802 286 0

788 289 0

769 291 0

597 294 0

597 294 0

809 298 0

791 319 0

798 320 0

725 323 0

904 324 0

643 327 0

697 327 0

667 331 0

720 331 0

655 332 0

703 333 0

811 337 0

379 340 0

379 340 0

605 340 0

918 340 0

654 341 0

833 342 0

444 348 0

481 349 0

665 349 0

474 353 0

848 353 0

381 354 0

880 355 0

880 355 0

834 356 0

901 361 0

830 363 0

894 364 0

894 364 0

887 368 0

887 368 0

915 368 0

211 369 0

211 369 0

437 369 0

437 369 0

485 369 0

439 381 0

613 381 0

828 390 0

403 391 0

403 391 0

985 393 0

843 394 0

132 399 0

668 399 0

823 401 0

955 402 0

973 403 0

973 403 0

357 409 0

922 411 0

968 411 0

968 411 0

313 413 0

413 422 0

474 424 0

907 424 0

849 428 0

235 429 0

941 432 0

842 435 0

905 437 0

422 439 0

814 438 0

879 441 0

229 442 0

818 445 0

876 448 0

876 448 0

914 448 0

421 452 0

104 454 0

634 458 0

605 462 0

605 462 0

561 464 0

362 471 0

362 471 0

815 471 0

559 472 0

566 474 0

308 485 0

831 486 0

338 487 0

946 487 0

946 487 0

689 491 0

274 491 0

75 493 0

797 494 0

844 496 0

435 497 0

916 499 0

542 499 0

289 500 0

516 502 0

921 503 0

420 506 0

837 506 0

794 507 0

794 507 0

111 510 0

111 510 0

111 510 0

390 513 0

390 513 0

818 512 0

493 515 0

653 515 0

268 517 0

798 517 0

879 518 0

499 521 0

872 523 0

461 526 0

857 526 0

881 533 0

372 534 0

372 534 0

914 539 0

545 541 0

997 546 0

870 547 0

394 552 0

468 556 0

549 557 0

846 557 0

880 566 0

874 570 0

872 580 0

792 597 0

799 598 0

789 658 0

817 661 0

357 678 0

377 681 0

377 681 0

391 684 0

570 691 0

564 695 0

345 12 0

482 12 0

441 14 0

336 31 0

269 45 0

269 45 0

585 64 0

810 67 0

859 72 0

859 72 0

159 76 0

767 77 0

146 79 0

204 83 0

198 93 0

103 95 0

152 97 0

109 103 0

628 105 0

107 113 0

216 128 0

740 133 0

24 137 0

853 146 0

853 146 0

866 160 0

182 161 0

182 161 0

471 161 0

802 163 0

665 167 0

843 168 0

212 171 0

165 172 0

765 179 0

46 181 0

774 185 0

774 185 0

814 188 0

760 189 0

768 194 0

510 197 0

703 201 0

775 202 0

486 202 0

486 202 0

486 202 0

612 207 0

695 208 0

903 207 0

652 210 0

630 214 0

619 214 0

676 214 0

888 215 0

897 216 0

785 221 0

626 223 0

634 228 0

771 229 0

897 231 0

811 233 0

811 233 0

798 234 0

663 236 0

778 237 0

778 237 0

765 238 0

865 239 0

880 238 0

636 240 0

713 243 0

713 243 0

889 243 0

773 246 0

458 249 0

883 253 0

973 259 0

688 260 0

568 265 0

614 264 0

200 265 0

200 265 0

890 267 0

775 269 0

615 274 0

503 274 0

869 276 0

769 279 0

553 286 0

776 287 0

892 289 0

217 291 0

863 291 0

447 292 0

795 295 0

871 297 0

618 300 0

886 301 0

345 302 0

895 306 0

640 308 0

449 309 0

353 310 0

353 310 0

247 311 0

324 312 0

324 312 0

873 313 0

887 314 0

287 315 0

810 316 0

347 319 0

779 320 0

238 322 0

783 331 0

818 331 0

619 331 0

947 332 0

971 334 0

478 335 0

824 342 0

824 342 0

824 342 0

265 343 0

812 345 0

375 347 0

249 350 0

631 351 0

259 353 0

824 353 0

866 353 0

866 353 0

487 355 0

242 358 0

452 359 0

462 365 0

633 365 0

908 367 0

123 376 0

123 376 0

624 378 0

117 382 0

428 382 0

276 386 0

122 393 0

279 394 0

441 400 0

454 401 0

838 401 0

615 402 0

425 405 0

322 409 0

383 409 0

383 409 0

958 409 0

958 409 0

258 413 0

452 418 0

433 419 0

164 423 0

413 424 0

806 425 0

92 426 0

129 426 0

969 426 0

969 426 0

969 426 0

821 429 0

821 429 0

302 434 0

139 434 0

830 435 0

830 435 0

516 439 0

220 440 0

259 441 0

212 442 0

835 442 0

509 446 0

509 446 0

520 448 0

520 448 0

221 449 0

462 449 0

462 449 0

786 449 0

444 451 0

444 451 0

946 455 0

467 456 0

515 455 0

859 456 0

859 456 0

894 456 0

894 456 0

644 458 0

886 460 0

568 462 0

332 466 0

821 466 0

352 467 0

352 467 0

896 469 0

268 470 0

268 470 0

256 473 0

827 474 0

360 478 0

607 478 0

818 479 0

895 480 0

74 485 0

324 485 0

361 488 0

929 488 0

565 489 0

228 490 0

285 492 0

806 492 0

574 495 0

789 495 0

354 496 0

14 499 0

277 500 0

560 499 0

827 499 0

665 500 0

105 503 0

77 504 0

358 507 0

845 507 0

15 509 0

753 511 0

829 513 0

810 514 0

763 516 0

862 517 0

275 523 0

275 523 0

516 523 0

907 524 0

907 524 0

297 525 0

915 528 0

107 528 0

865 531 0

270 535 0

510 536 0

874 537 0

865 540 0

381 542 0

88 548 0

376 550 0

848 550 0

882 551 0

518 553 0

518 553 0

332 557 0

342 557 0

796 557 0

856 557 0

856 557 0

874 557 0

874 557 0

965 565 0

294 590 0

979 590 0

795 613 0

828 618 0

866 619 0

712 622 0

712 622 0

188 637 0

138 639 0

224 642 0

283 651 0

244 654 0

316 665 0

396 668 0

368 673 0

387 675 0

454 677 0

418 680 0

455 686 0

455 686 0

413 688 0

413 688 0

470 688 0

470 688 0

428 18 0

650 22 0

156 25 0

288 38 0

215 46 0

635 62 0

635 62 0

602 65 0

181 69 0

895 68 0

472 73 0

170 80 0

154 87 0

227 87 0

227 87 0

211 91 0

222 98 0

182 108 0

182 108 0

118 110 0

214 109 0

20 112 0

617 114 0

898 117 0

226 129 0

876 133 0

845 138 0

216 140 0

865 144 0

799 148 0

185 150 0

478 150 0

678 166 0

892 168 0

892 168 0

118 172 0

902 178 0

803 180 0

29 181 0

635 186 0

785 192 0

904 195 0

237 196 0

636 202 0

904 207 0

470 208 0

359 210 0

236 217 0

819 222 0

440 228 0

848 236 0

848 236 0

674 238 0

713 243 0

713 243 0

937 242 0

579 255 0

654 259 0

654 259 0

444 261 0

850 261 0

665 265 0

820 264 0

616 274 0

559 276 0

900 278 0

822 283 0

853 285 0

428 292 0

428 292 0

7 295 0

456 299 0

236 303 0

982 305 0

982 305 0

801 307 0

669 308 0

669 308 0

450 310 0

903 310 0

477 313 0

855 313 0

826 315 0

826 315 0

348 320 0

620 331 0

913 329 0

246 331 0

930 341 0

812 346 0

971 345 0

656 350 0

913 351 0

431 353 0

824 353 0

427 364 0

106 372 0

615 372 0

693 372 0

581 374 0

936 374 0

287 377 0

900 377 0

419 379 0

471 383 0

107 386 0

140 387 0

393 387 0

121 393 0

541 394 0

921 395 0

110 400 0

453 400 0

486 399 0

991 400 0

991 400 0

367 401 0

930 403 0

281 405 0

425 404 0

517 404 0

629 410 0

674 411 0

84 414 0

413 415 0

155 417 0

868 420 0

838 423 0

838 423 0

794 430 0

471 436 0

504 436 0

459 438 0

190 439 0

190 439 0

956 441 0

300 442 0

115 444 0

115 444 0

848 443 0

848 443 0

431 448 0

265 450 0

651 451 0

220 461 0

271 459 0

98 467 0

84 471 0

326 473 0

489 471 0

683 478 0

133 488 0

929 488 0

504 492 0

122 493 0

324 495 0

641 499 0

935 498 0

77 504 0

865 503 0

855 508 0

855 508 0

844 510 0

519 512 0

921 514 0

119 516 0

480 516 0

91 518 0

224 518 0

313 519 0

60 521 0

60 521 0

102 519 0

275 523 0

275 523 0

930 524 0

668 525 0

915 528 0

71 529 0

71 529 0

896 529 0

896 529 0

114 535 0

69 541 0

780 540 0

11 542 0

891 542 0

526 546 0

791 548 0

564 552 0

967 552 0

366 555 0

366 555 0

528 558 0

528 558 0

392 561 0

358 564 0

538 563 0

965 566 0

219 574 0

775 592 0

833 597 0

368 605 0

726 604 0

808 604 0

14 619 0

933 620 0

959 620 0

240 645 0

284 651 0

307 656 0

286 660 0

492 680 0

515 685 0

395 12 0

948 11 0

640 14 0

409 22 0

387 29 0

307 37 0

248 55 0

204 64 0

571 73 0

582 87 0

198 103 0

578 103 0

883 120 0

883 120 0

592 128 0

183 129 0

575 132 0

707 135 0

9 141 0

734 152 0

734 152 0

812 151 0

839 153 0

666 156 0

566 158 0

877 160 0

903 159 0

704 164 0

776 169 0

791 171 0

866 173 0

866 173 0

866 173 0

646 173 0

736 178 0

736 178 0

832 178 0

619 180 0

207 183 0

880 184 0

892 193 0

892 193 0

587 199 0

738 202 0

738 202 0

225 205 0

845 206 0

784 208 0

784 208 0

425 217 0

589 225 0

974 227 0

228 230 0

625 240 0

219 243 0

663 247 0

638 253 0

911 256 0

244 267 0

678 272 0

628 277 0

468 278 0

655 279 0

655 279 0

85 290 0

170 291 0

671 290 0

671 290 0

606 292 0

642 292 0

746 292 0

746 292 0

989 292 0

286 299 0

471 297 0

656 300 0

630 302 0

682 304 0

580 306 0

338 311 0

338 311 0

338 311 0

914 316 0

664 322 0

664 322 0

647 325 0

374 328 0

683 328 0

750 330 0

750 330 0

140 335 0

140 335 0

946 347 0

749 348 0

461 351 0

892 356 0

609 360 0

934 362 0

855 364 0

476 367 0

592 366 0

250 367 0

820 368 0

9 371 0

532 385 0

817 385 0

314 386 0

377 387 0

69 390 0

154 390 0

894 390 0

93 392 0

644 392 0

644 392 0

181 394 0

905 400 0

905 400 0

292 411 0

292 411 0

852 417 0

937 415 0

232 418 0

232 418 0

350 419 0

954 422 0

244 431 0

105 435 0

105 435 0

986 433 0

862 437 0

319 447 0

500 453 0

842 456 0

330 459 0

330 459 0

784 463 0

596 470 0

596 470 0

796 470 0

884 475 0

469 476 0

144 480 0

269 481 0

294 485 0

216 487 0

548 487 0

90 488 0

240 490 0

465 491 0

386 495 0

892 496 0

892 496 0

111 500 0

141 501 0

907 506 0

154 508 0

270 507 0

468 510 0

579 511 0

579 511 0

289 514 0

533 514 0

533 514 0

719 522 0

141 525 0

777 523 0

531 530 0

46 547 0

272 551 0

493 554 0

328 567 0

483 568 0

962 584 0

813 592 0

736 598 0

549 602 0

825 605 0

780 617 0

780 617 0

750 622 0

129 627 0

85 628 0

85 628 0

848 635 0

203 637 0

803 661 0

417 668 0

235 1 0

235 1 0

982 10 0

204 18 0

246 22 0

959 28 0

976 28 0

346 37 0

242 40 0

231 57 0

752 62 0

621 70 0

965 78 0

841 109 0

597 113 0

491 121 0

968 123 0

773 138 0

549 140 0

512 148 0

886 147 0

691 152 0

718 153 0

784 153 0

784 153 0

853 161 0

610 166 0

189 180 0

250 185 0

600 189 0

271 196 0

137 203 0

873 211 0

772 223 0

832 233 0

910 231 0

181 233 0

649 235 0

689 245 0

689 245 0

979 245 0

534 248 0

988 263 0

292 271 0

678 272 0

836 271 0

91 274 0

469 276 0

204 280 0

453 283 0

187 288 0

694 289 0

538 291 0

778 290 0

260 294 0

322 297 0

439 301 0

439 301 0

439 301 0

36 304 0

597 308 0

682 307 0

682 307 0

24 321 0

632 322 0

632 322 0

260 331 0

986 340 0

986 340 0

900 343 0

678 354 0

285 357 0

949 363 0

949 363 0

565 364 0

144 367 0

144 367 0

267 375 0

214 382 0

687 399 0

809 402 0

116 408 0

826 411 0

98 413 0

988 416 0

988 416 0

450 425 0

216 427 0

298 428 0

407 446 0

586 453 0

129 453 0

364 456 0

112 458 0

332 459 0

332 459 0

188 465 0

201 475 0

844 478 0

867 478 0

867 478 0

350 480 0

857 493 0

526 493 0

43 497 0

307 501 0

14 502 0

232 501 0

232 501 0

654 505 0

654 505 0

955 524 0

803 530 0

435 532 0

288 538 0

560 538 0

591 541 0

907 544 0

983 543 0

238 558 0

292 557 0

509 566 0

828 584 0

768 604 0

724 633 0

373 662 0

171 27 0

408 41 0

414 88 0

842 108 0

982 106 0

676 135 0

798 138 0

423 155 0

583 170 0

166 186 0

522 185 0

522 185 0

522 185 0

853 192 0

441 200 0

603 207 0

435 241 0

90 245 0

270 256 0

350 262 0

350 262 0

453 282 0

494 279 0

917 291 0

190 330 0

324 338 0

895 347 0

208 351 0

497 351 0

344 361 0

817 365 0

844 377 0

844 377 0

677 378 0

677 378 0

956 384 0

859 394 0

689 401 0

330 415 0

590 432 0

917 431 0

488 439 0

488 439 0

35 447 0

205 452 0

383 457 0

304 465 0

233 466 0

233 466 0

421 478 0

421 478 0

845 478 0

557 509 0

110 514 0

598 521 0

598 521 0

493 531 0

843 533 0

843 533 0

396 537 0

348 540 0

629 591 0

846 616 0

575 625 0

321 651 0

372 661 0

421 664 0

645 75 0

236 82 0

805 112 0

450 168 0

48 217 0

287 229 0

415 255 0

916 262 0

151 269 0

785 309 0

820 312 0

820 312 0

461 325 0

461 325 0

422 326 0

358 336 0

648 353 0

305 356 0

619 415 0

890 426 0

434 437 0

448 477 0

982 482 0

982 483 0

408 511 0

338 516 0

373 517 0

885 516 0

977 518 0

217 538 0

830 562 0

768 84 0

731 93 0

119 97 0

694 99 0

416 125 0

732 130 0

354 172 0

689 184 0

714 222 0

716 263 0

541 269 0

541 269 0

590 271 0

716 311 0

181 373 0

181 373 0

456 385 0

247 390 0

671 480 0

709 495 0

622 504 0

622 504 0

685 518 0

560 529 0

560 529 0

876 67 0

416 117 0

956 159 0

815 212 0

346 282 0

388 305 0

388 305 0

933 349 0

392 358 0

392 358 0

384 418 0

810 452 0

579 486 0

579 486 0

73 530 0

484 588 0

378 240 0

658 375 0

335 387 0

695 432 0

541 440 0

285 456 0

285 456 0

939 479 0

512 487 0

270 72 0

578 209 0

824 436 0

645 483 0

17 547 0

269 80 0

209 230 0

240 369 0

717 449 0

421 95 0

672 271 0

857 276 0

208 148 0

348 224 0

215 467 0

580 479 0

755 263 0

755 263 0

