782 169 0,99 3,274 0,98913776597837

465 356 1,04 4,416 0,926205921160819

895 373 1,13 5,715 0,843733531713913

947 404 0,89 0,832 0,963028343248911

953 410 0,93 4,221 0,96552186049168

240 413 1,1 3,089 0,816711546052768

305 423 0,98 3,718 0,974530760455297

129 494 0,86 2,707 0,897260679177994

130 497 1,21 2,756 0

129 529 0,98 3,556 0,977312407222509

794 141 1,38 0,234 0

794 141 1,38 1,123 0

466 365 1,24 5,509 0,70206120558232

397 391 1,26 5,1 0

975 402 1,29 4,62 0,905634588196629

862 438 1,27 5,699 0

417 461 1,13 0,592 0,734921745334683

988 489 1,22 4,228 0

64 492 1,41 3,893 0

61 495 1,35 3,83 0

989 511 1,4 1,602 0

898 516 1,09 0,488 0,808499531684186

982 520 1,31 0,255 0

982 520 1,31 3,156 0,863331312751615

981 524 1,3 3,542 0

111 538 1,23 0,977 0

6 98 1,53 2,516 0

747 152 1,6 2,892 0

857 176 1,6 5,827 0

732 187 1,7 1,432 0

732 187 1,7 4,581 0

750 195 1,72 2,978 0

785 197 1,73 1,207 0

602 200 1,6 0,185 0

710 205 1,68 1,132 0

633 209 1,68 0,028 0

603 211 1,7 3,067 0

603 211 1,7 5,975 0

752 214 1,7 2,928 0

711 216 1,76 2,807 0

857 218 1,66 0,299 0

604 220 1,61 2,906 0

604 220 1,61 6,207 0

685 221 1,6 0,228 0

822 222 1,52 3,373 0

880 227 1,49 2,642 0

685 230 1,56 6,112 0

708 233 1,77 3,702 0

713 233 1,63 5,473 0

694 237 1,71 4,949 0

686 238 1,51 5,969 0

849 242 1,74 2,829 0

687 249 1,78 0,552 0

711 257 1,72 3,217 0

851 263 1,7 2,998 0

757 271 1,75 3,251 0

685 277 1,78 3,367 0

741 277 1,57 1,397 0

741 277 1,57 4,719 0

758 282 1,76 3,092 0

834 282 1,8 2,964 0

834 282 1,8 6,138 0

717 285 1,63 2,839 0

651 286 1,69 4,445 0

708 287 1,76 2,695 0

830 286 1,59 3,01 0

970 296 1,74 1,258 0

831 299 1,61 3,101 0

687 304 1,79 3,021 0

832 310 1,62 3,217 0

828 312 1,53 3,391 0

799 316 1,55 6,211 0

480 338 1,73 2,732 0

835 350 1,56 3,944 0

911 350 1,66 1,376 0

897 367 1,45 5,81 0

465 370 1,77 5,497 0

815 379 1,66 4,605 0

912 380 1,65 3,278 0

485 389 1,48 3,211 0

987 392 1,51 1,698 0

978 402 1,5 4,665 0

995 402 1,68 4,579 0

232 403 1,66 1,463 0

833 406 1,57 5,517 0

231 418 1,48 4,432 0

307 421 1,32 5,136 0

810 422 1,62 0,377 0

414 422 1,6 0,305 0

414 422 1,6 4,419 0

933 423 1,59 3,982 0

225 423 1,76 6,261 0

862 426 1,69 5,512 0

867 431 1,5 5,498 0

868 437 1,52 5,383 0

907 438 1,59 3,206 0

413 439 1,64 2,114 0

791 441 1,55 4,227 0

117 444 1,43 3,2 0

895 454 1,61 3,521 0

375 458 1,55 0,205 0

791 481 1,57 0,484 0

121 482 1,56 2,13 0

986 484 1,5 3,574 0

127 489 1,26 2,503 0

52 490 1,58 0,676 0

419 495 1,41 4,465 0

986 506 1,67 2,632 0

380 508 1,52 6,145 0

123 509 1,61 0,023 0

253 511 1,59 0,105 0

982 511 1,43 2,862 0

785 515 1,57 3,078 0

77 518 1,72 2,528 0

73 521 1,49 2,51 0

981 524 1,35 3,628 0

789 536 1,78 2,544 0

857 547 1,7 5,8 0

987 549 1,75 0,085 0

294 553 1,85 1,676 0

294 553 1,85 3,328 0

471 556 1,5 6,202 0

492 4 2,17 1,011 0

492 4 2,17 4,451 0

927 44 2,03 3,147 0

927 44 2,03 5,695 0

580 54 2,02 1,577 0

816 63 2,17 1,434 0

837 64 2,05 5,523 0

770 78 2,08 3,3 0

758 80 1,96 5,565 0

719 133 2,18 1,517 0

435 136 2,23 1,226 0

823 139 2,02 4,634 0

746 141 1,91 2,847 0

799 141 2,21 3,762 0

791 153 2,09 5,709 0

867 163 2 2,782 0

600 175 1,87 5,038 0

781 175 2,1 1,024 0

781 175 2,1 3,589 0

774 176 2,09 3,844 0

749 180 1,88 3,163 0

778 181 1,96 4,453 0

770 191 1,92 6,255 0

814 192 2,17 1,235 0

785 197 1,78 1,29 0

807 205 1,88 0,943 0

684 208 1,97 0,66 0

816 209 2,05 2,807 0

603 211 1,77 3,099 0

603 211 1,77 5,787 0

698 212 2,01 1,523 0

902 213 2,22 1,87 0

902 213 2,22 4,157 0

852 216 2,19 0,315 0

852 216 2,19 2,416 0

702 218 2,29 1,617 0

676 222 1,82 2,824 0

792 225 1,9 5,996 0

853 226 2,18 0,473 0

853 226 2,18 2,428 0

616 227 2,21 0,876 0

704 229 2,11 3,67 0

676 233 1,92 3,061 0

682 234 1,91 3,187 0

793 235 2,31 0,215 0

805 240 1,86 0,119 0

841 241 2,11 6,102 0

612 242 1,75 0,032 0

794 244 2,18 6,137 0

854 244 2,07 6,241 0

674 245 2,17 1,795 0

674 245 2,17 4,086 0

714 247 1,83 1,106 0

714 247 1,83 2,688 0

649 248 2,05 1,432 0

612 251 2,09 0,176 0

850 252 2,03 3,109 0

632 254 2,06 2,554 0

632 254 2,06 6,259 0

195 255 2,2 1,794 0

683 256 2,15 3,009 0

628 257 2 2,815 0

824 261 1,84 3,217 0

644 264 2,1 6,177 0

782 268 2,13 0,07 0

684 271 2,16 3,244 0

711 271 2,01 3,045 0

825 271 2,19 3,055 0

716 274 1,88 3,322 0

707 276 1,94 3,05 0

685 277 1,77 3,432 0

813 277 2,13 0,281 0

973 281 2,09 3,027 0

712 282 2,1 2,65 0

646 283 2,07 5,446 0

872 285 2,15 3,027 0

872 285 2,15 6,216 0

642 288 2,22 0,696 0

642 288 2,22 5,383 0

826 290 1,9 3,032 0

593 291 2,11 0,955 0

593 291 2,11 4,994 0

810 292 2,2 3 0

810 292 2,2 6,157 0

695 302 1,83 0,161 0

709 302 1,97 3,043 0

828 304 1,95 3,038 0

719 306 1,84 3,019 0

971 309 2,17 4,749 0

860 311 2,06 5,916 0

648 311 2,08 5,537 0

648 311 2,08 5,959 0

688 313 1,87 3,447 0

696 313 2,01 5,952 0

785 317 1,8 0,314 0

648 319 2,03 5,703 0

669 319 2,04 3,699 0

973 324 2,1 1,346 0

692 325 2,14 5,848 0

662 327 2,16 4,292 0

349 328 2,01 2,981 0

651 328 2,22 5,425 0

625 329 1,82 5,252 0

640 333 2,01 4,994 0

806 334 2,17 4,665 0

376 336 2,15 4,763 0

376 336 2,15 6,178 0

413 343 1,82 3,087 0

440 344 2 6,168 0

871 345 1,76 4,691 0

795 346 2,19 0,591 0

795 346 2,19 4,022 0

829 346 2,08 5,143 0

855 346 1,93 4,479 0

921 348 2,09 1,272 0

841 350 2,09 1,468 0

841 350 2,09 5,007 0

378 351 2,19 5,968 0

634 352 1,86 2,715 0

150 353 2,2 5,279 0

649 354 1,97 2,968 0

649 354 1,97 6,155 0

915 354 1,9 3,047 0

624 355 1,89 3,379 0

445 358 2,04 3,83 0

889 361 2,14 3,135 0

889 361 2,14 5,258 0

642 364 2,11 4,254 0

908 366 2,01 2,832 0

431 373 1,79 5,163 0

539 374 2,11 2,779 0

425 376 2,01 4,466 0

425 376 2,01 6,228 0

912 380 1,66 3,332 0

403 381 1,99 4,624 0

484 381 1,78 2,919 0

410 385 2,25 4,127 0

387 390 1,87 4,407 0

979 391 1,88 1,509 0

406 392 1,97 4,21 0

428 393 2,24 1,538 0

969 393 2,08 1,104 0

135 398 2,08 0,208 0

135 398 2,08 4,958 0

818 398 2,03 3,904 0

966 400 2,28 1,025 0

966 400 2,28 4,777 0

353 405 2,15 4,467 0

506 406 2,28 5,164 0

660 406 2,08 5,822 0

917 408 2,26 2,702 0

837 411 2,08 2,423 0

110 419 2,08 4,402 0

901 420 1,93 3,382 0

956 420 1,93 0,627 0

824 422 1,95 0,048 0

233 423 1,89 3,462 0

941 423 1,81 2,852 0

303 424 1,98 5,173 0

843 425 2,02 2,29 0

411 427 1,91 2,174 0

935 429 2,22 3,864 0

129 430 2,09 5,852 0

230 431 2,16 5,047 0

247 437 2,25 1,847 0

247 437 2,25 2,966 0

780 438 2,16 4,101 0

874 438 2,17 5,322 0

822 439 2,06 1,149 0

822 439 2,06 4,92 0

447 441 2,12 5,444 0

883 441 2,03 5,172 0

419 442 2,03 2,01 0

877 444 2,09 5,68 0

896 445 2,03 2,536 0

896 445 2,03 3,494 0

908 444 2,02 2,609 0

326 448 2,27 4,24 0

504 449 2,22 4,866 0

397 456 2,07 4,119 0

257 457 2,13 0,364 0

279 458 2,07 0,69 0

279 458 2,07 2,99 0

556 460 2,1 5,696 0

853 461 2,09 5,341 0

369 462 2,04 0,431 0

827 464 2,02 2,217 0

827 464 2,02 6,108 0

359 467 2,24 1,541 0

359 467 2,24 5,331 0

810 467 2,12 0,525 0

543 472 2,12 0,879 0

73 473 2,15 4,929 0

437 474 1,98 3,408 0

367 475 2,1 0,045 0

920 475 2,19 2,37 0

920 475 2,19 4,405 0

120 481 1,9 2,05 0

335 482 2,11 2,542 0

549 483 2,07 2,783 0

940 484 2,19 0,481 0

940 484 2,19 2,644 0

940 484 2,19 4,034 0

75 485 2,02 4,106 0

68 489 2,02 3,975 0

829 490 2,04 1,924 0

416 492 1,86 4,436 0

846 492 2,01 4,554 0

846 492 2,01 5,777 0

591 493 2,06 3,095 0

591 493 2,06 5,7 0

685 496 1,86 5,915 0

833 496 2,21 2,089 0

410 498 1,98 4,429 0

410 498 1,98 5,774 0

802 499 2,18 3,545 0

386 501 2,02 4,521 0

691 501 2,13 5,777 0

840 501 2,22 3,374 0

782 503 1,92 0,832 0

454 505 1,98 0,469 0

408 508 1,95 5,09 0

408 508 1,95 6,22 0

500 511 1,93 1,643 0

897 511 2,02 1,726 0

466 512 2,11 3,348 0

791 514 2,01 3,72 0

71 515 1,83 2,422 0

452 516 1,79 0,107 0

872 515 2,25 2,534 0

894 517 2,01 6,222 0

464 518 2,14 2,838 0

808 518 2,11 0,8 0

302 519 1,96 3,216 0

798 519 2,26 3,668 0

78 526 2,14 2,375 0

796 528 1,92 2,806 0

374 529 1,83 2,539 0

374 529 1,83 6,198 0

813 530 1,83 2,899 0

522 532 2,14 2,548 0

537 533 2,08 0,922 0

569 535 2,13 0,833 0

789 536 1,75 2,524 0

533 537 2,1 1,287 0

304 539 1,94 1,262 0

465 540 1,88 3,778 0

852 542 2,1 2,553 0

303 546 2,13 1,221 0

303 546 2,13 3,163 0

993 548 2,24 0,107 0

993 548 2,24 4,843 0

280 550 2,02 0,366 0

280 550 2,02 2,487 0

475 552 2,2 2,258 0

294 553 1,86 3,204 0

840 553 2,03 4,524 0

868 566 2,26 3,286 0

862 571 1,91 0,255 0

862 571 1,91 0,255 0

866 576 2,15 3,457 0

857 584 1,91 0,737 0

862 585 2,14 3,597 0

798 587 2,21 2,452 0

466 592 1,99 2,046 0

548 599 2,1 1,761 0

869 599 2,16 0,548 0

556 607 2,08 1,673 0

810 650 1,99 1,683 0

782 653 2,14 1,583 0

809 656 2,1 1,726 0

498 674 1,98 0,379 0

349 681 2,51 1,428 0

373 683 2,23 1,689 0

393 685 2,2 1,362 0

348 687 1,92 1,624 0

348 687 1,92 4,627 0

560 690 2,06 2,294 0

484 692 2,2 5,228 0

346 693 1,93 1,602 0

936 18 2,43 2,256 0

224 22 2,48 2,996 0

118 23 2,68 5,34 0

347 25 2,69 1,496 0

940 32 2,63 6,26 0

224 37 2,34 3,546 0

277 51 2,53 4,345 0

830 60 2,33 1,363 0

842 60 2,32 1,409 0

581 62 2,81 4,778 0

848 62 2,37 1,188 0

848 62 2,37 3,378 0

805 65 2,56 1,355 0

763 75 2,64 1,468 0

750 76 2,32 1,277 0

983 76 2,59 6,263 0

138 84 2,76 4,554 0

178 89 2,79 4,49 0

692 89 2,41 1,435 0

583 91 2,58 4,452 0

212 101 2,51 5,999 0

653 102 2,8 1,275 0

73 103 2,62 4,581 0

625 104 2,34 1,229 0

625 104 2,34 3,731 0

625 104 2,34 6,043 0

61 105 2,5 4,642 0

631 106 2,39 1,178 0

631 106 2,39 3,73 0

6 111 2,38 3,867 0

215 124 2,48 6,083 0

735 131 2,67 1,079 0

853 134 2,61 4,698 0

727 137 2,34 4,212 0

794 147 2,72 5,643 0

803 147 2,52 3,692 0

866 151 2,35 4,938 0

767 153 2,31 6,253 0

216 155 2,73 5,72 0

688 159 2,41 4,47 0

797 159 2,68 6,189 0

191 161 2,41 4,815 0

660 164 2,44 4,277 0

873 168 2,33 4,256 0

682 171 2,64 0,16 0

843 172 2,4 1,52 0

843 172 2,4 4,525 0

792 173 2,35 0,452 0

869 175 2,48 3,381 0

848 178 2,4 4,729 0

787 180 2,61 0,996 0

895 179 2,99 2,919 0

769 182 2,81 5,737 0

906 183 2,58 4,703 0

830 184 2,75 2,913 0

532 189 2,61 2,964 0

474 194 2,62 3,411 0

454 197 2,55 2,468 0

613 198 2,48 2,7 0

770 200 2,74 0,385 0

618 203 2,32 0,949 0

874 203 2,75 1,351 0

608 205 2,55 2,644 0

608 205 2,55 3,212 0

692 206 2,42 1,827 0

797 206 2,48 0,272 0

585 208 2,28 1,005 0

585 208 2,28 5,035 0

614 211 2,65 0,914 0

460 212 2,22 2,552 0

883 212 2,37 2,806 0

913 212 2,73 1,628 0

913 212 2,73 4,441 0

804 213 2,51 0,345 0

792 214 2,25 6,232 0

680 216 2,27 2,664 0

798 223 2,7 6,092 0

786 224 2,39 0,177 0

573 225 2,57 3,009 0

630 225 2,35 0,153 0

779 225 2,74 0,23 0

821 229 2,41 2,556 0

821 229 2,41 3,679 0

859 231 2,68 0,251 0

853 234 2,29 0,121 0

632 236 2,67 0,007 0

874 236 2,85 3,035 0

859 237 2,56 0,063 0

575 239 2,6 2,898 0

799 238 2,33 0,03 0

787 240 2,42 6,159 0

910 240 2,53 1,529 0

910 240 2,53 4,511 0

780 241 2,58 6,109 0

959 241 2,78 0,024 0

692 242 2,29 1,215 0

692 242 2,29 4,965 0

702 241 2,26 1,545 0

607 245 2,41 0,124 0

925 247 2,5 4,994 0

806 250 2,32 0,093 0

860 250 2,65 6,166 0

886 253 2,47 3,201 0

886 253 2,47 6,279 0

788 254 2,77 6,273 0

967 256 2,69 4,732 0

795 257 2,32 0,13 0

855 257 2,38 6,139 0

609 261 2,52 6,016 0

782 260 2,45 0,001 0

198 261 2,64 1,811 0

198 261 2,64 4,298 0

548 262 2,44 3,283 0

465 265 2,34 2,69 0

801 265 2,6 6,274 0

871 266 2,31 2,862 0

338 272 2,49 3,168 0

808 272 2,33 0,334 0

808 272 2,33 3,683 0

808 272 2,33 5,491 0

777 274 2,36 0,198 0

856 275 2,49 6,168 0

802 278 2,35 6,162 0

634 280 2,17 3,263 0

722 279 2,38 3,325 0

789 279 2,74 6,123 0

223 281 2,68 6,209 0

695 282 2,3 0,303 0

695 282 2,3 5,282 0

797 284 2,25 6,251 0

515 286 2,76 4,609 0

878 286 2,46 2,926 0

887 287 2,65 2,91 0

887 287 2,65 6,23 0

699 288 2,36 0,316 0

804 295 2,78 5,708 0

852 296 2,61 3,185 0

991 300 2,58 1,728 0

991 300 2,58 4,346 0

859 301 2,41 6,108 0

635 304 2,34 3,097 0

874 304 2,53 3,309 0

874 304 2,53 5,955 0

792 317 2,56 0,47 0

829 318 2,69 3,836 0

775 318 2,91 2,851 0

720 320 2,4 3,729 0

899 321 2,26 3,334 0

638 324 2,45 3,795 0

715 328 2,49 4,485 0

698 329 2,45 4,845 0

614 330 2,61 6,047 0

474 333 2,67 0,075 0

766 335 2,65 4,75 0

601 337 2,63 5,919 0

649 337 2,62 5,056 0

729 337 2,6 4,369 0

729 337 2,6 5,64 0

912 337 2,36 3,685 0

827 339 2,4 5,97 0

807 340 2,55 2,363 0

654 343 2,46 5,072 0

477 345 2,4 3,234 0

660 346 2,35 5,614 0

233 348 2,38 0,971 0

483 350 2,75 3,257 0

860 350 2,39 1,471 0

860 350 2,39 4,505 0

875 351 2,42 4,818 0

875 351 2,42 6,053 0

902 352 2,68 3,639 0

828 353 2,68 4,63 0

239 354 2,77 1,855 0

239 354 2,77 4,242 0

642 354 2,33 2,774 0

895 359 2,19 3,558 0

459 360 2,55 5,308 0

825 360 2,37 2,771 0

208 365 2,56 1,904 0

208 365 2,56 4,419 0

433 365 2,4 0,388 0

481 365 2,3 3,185 0

882 365 2,49 1,635 0

882 365 2,49 4,72 0

818 374 2,2 4,322 0

436 377 2,36 3,641 0

607 377 2,61 4,8 0

126 383 2,68 2,027 0

114 387 2,71 2,15 0

114 387 2,71 4,824 0

399 387 2,28 4,494 0

399 387 2,28 6,211 0

822 386 2,29 0,407 0

822 386 2,29 2,157 0

838 391 2,64 6,283 0

129 394 2,44 4,065 0

911 394 2,64 5,776 0

544 396 2,32 3,713 0

664 396 2,51 1,185 0

832 397 2,8 5,764 0

989 397 2,68 1,786 0

989 397 2,68 4,561 0

481 398 2,7 5,937 0

610 399 2,69 0,848 0

949 398 2,8 1,109 0

949 398 2,8 4,624 0

966 399 2,21 0,958 0

966 399 2,21 4,844 0

372 401 2,44 4,953 0

460 403 2,42 2,161 0

381 405 2,61 2,736 0

952 406 2,72 1,073 0

961 407 2,62 3,659 0

311 409 2,69 6,087 0

429 415 2,62 4,445 0

469 420 2,51 0,213 0

801 421 2,49 3,769 0

963 422 2,74 0,648 0

963 422 2,74 4,428 0

454 425 2,67 1,317 0

404 429 2,43 1,083 0

136 430 2,62 3,513 0

300 430 2,77 1,68 0

836 431 2,59 1,301 0

899 432 2,29 3,385 0

419 435 2,49 2,339 0

809 435 2,62 1,266 0

809 435 2,62 4,773 0

217 436 2,64 1,445 0

512 436 2,54 1,976 0

209 438 2,59 5,882 0

227 438 2,54 1,307 0

787 438 2,49 3,957 0

813 441 2,28 4,47 0

516 444 2,39 2,175 0

516 444 2,39 4,46 0

781 444 2,48 3,175 0

870 445 2,3 2,194 0

423 447 2,47 1,593 0

926 447 2,54 5,592 0

416 448 2,48 1,451 0

103 450 2,49 0,482 0

511 450 2,61 4,658 0

853 452 2,76 2,804 0

472 454 2,53 4,783 0

629 454 2,37 1,458 0

640 454 2,74 1,652 0

796 457 2,27 2,787 0

905 458 2,55 3,455 0

600 458 2,62 3,554 0

600 458 2,62 5,614 0

327 462 2,48 2,165 0

816 462 2,74 0,522 0

349 463 2,82 1,782 0

349 463 2,82 5,295 0

440 464 2,46 3,484 0

266 465 2,48 2,282 0

266 465 2,48 3,913 0

929 465 2,29 2,823 0

555 468 2,67 0,53 0

346 469 2,5 5,243 0

562 470 2,44 0,584 0

993 471 2,72 1,808 0

549 473 2,13 1,254 0

85 475 2,54 4,96 0

335 475 2,39 2,877 0

247 477 2,58 4,104 0

282 479 2,64 1,14 0

796 480 2,27 0,699 0

796 480 2,27 3,69 0

305 481 2,68 2,205 0

826 481 2,32 0,531 0

8 485 2,57 1,329 0

560 485 2,63 0,201 0

653 488 2,59 2,256 0

684 488 2,55 6,043 0

799 488 2,45 2,996 0

268 489 2,32 0,939 0

792 490 2,74 2,929 0

570 491 2,54 3,786 0

12 493 2,76 3,045 0

839 493 2,25 2,197 0

839 493 2,25 5,525 0

431 493 2,24 1,035 0

431 493 2,24 3,416 0

538 494 2,87 5,263 0

910 495 2,26 0,578 0

285 496 2,49 0,706 0

285 496 2,49 4,003 0

512 498 2,33 2,404 0

119 499 2,36 5,968 0

416 502 2,32 4,494 0

831 502 2,38 4,984 0

355 503 2,6 3,977 0

788 503 2,41 0,91 0

788 503 2,41 3,121 0

807 503 2,34 0,317 0

807 503 2,34 3,614 0

108 506 2,31 5,649 0

737 506 2,47 4,787 0

749 507 2,53 4,449 0

768 507 2,31 4,963 0

387 508 2,5 5,949 0

812 508 2,33 0,312 0

822 509 2,67 4,614 0

832 509 2,36 4,57 0

489 510 2,49 1,013 0

648 510 2,42 4,822 0

265 511 2,74 5,331 0

265 511 2,74 6,159 0

757 511 2,5 4,476 0

804 511 2,56 0,268 0

804 511 2,56 3,471 0

928 511 2,37 2,46 0

521 515 2,62 5,723 0

495 516 2,7 1,846 0

933 518 2,62 2,664 0

347 519 2,39 1,353 0

867 519 2,5 2,537 0

232 520 2,49 6,183 0

900 520 2,65 3,791 0

900 520 2,65 6,144 0

457 522 2,54 0,036 0

851 522 2,37 6,261 0

468 525 2,25 1,84 0

369 531 2,48 0,196 0

868 531 2,34 2,698 0

875 533 2,61 2,749 0

901 533 2,33 0,023 0

901 533 2,33 3,545 0

901 533 2,33 5,369 0

424 534 2,43 6,041 0

542 536 2,53 2,241 0

907 536 2,63 0,34 0

990 542 2,61 0,265 0

864 543 2,41 0,979 0

382 545 2,45 5,83 0

541 545 2,51 2,339 0

875 546 2,62 2,78 0

390 548 2,31 5,26 0

514 548 2,76 2,423 0

514 548 2,76 5,014 0

131 549 2,52 0,734 0

464 552 2,59 5,753 0

546 551 2,47 0,875 0

546 551 2,47 2,875 0

790 552 2,39 4,146 0

882 551 2,32 0,48 0

869 555 2,56 2,985 0

993 571 2,31 5,407 0

871 577 2,41 3,465 0

973 586 2,47 4,819 0

857 592 2,5 3,786 0

785 593 2,27 1,837 0

794 593 2,17 1,676 0

556 601 2,79 1,758 0

973 605 2,69 1,539 0

823 613 2,67 2,157 0

879 613 2,5 1,481 0

854 616 2,75 1,163 0

707 617 2,62 1,184 0

707 617 2,62 3,972 0

716 619 2,84 4,057 0

298 643 2,53 4,525 0

222 653 2,62 4,677 0

343 657 2,72 1,745 0

270 661 2,48 4,881 0

328 662 2,85 1,693 0

336 671 2,47 1,614 0

336 671 2,47 4,795 0

353 673 2,55 1,533 0

448 673 2,65 1,773 0

373 676 2,47 1,746 0

373 676 2,47 4,845 0

389 679 2,75 4,84 0

350 681 2,56 1,478 0

465 683 2,56 1,945 0

465 683 2,56 4,67 0

565 685 2,36 2,356 0

458 688 2,62 4,693 0

405 691 2,36 1,471 0

431 692 2,83 1,593 0

387 693 2,27 1,486 0

547 694 2,75 1,361 0

250 6 2,85 1,265 0

359 7 3,32 4,5 0

479 9 2,9 1,031 0

342 10 3,5 1,321 0

342 10 3,5 4,457 0

181 16 3,34 6,216 0

645 21 3,02 6,28 0

629 29 2,79 2,92 0

926 30 3,07 1,52 0

286 35 3,53 1,43 0

286 35 3,53 4,714 0

901 35 3,02 1,222 0

341 40 3,3 4,618 0

265 42 3,47 1,705 0

265 42 3,47 5,48 0

114 50 3,55 1,223 0

632 61 3,49 3,237 0

632 61 3,49 5,338 0

408 65 3,18 3,319 0

408 65 3,18 5,676 0

478 69 3,11 1,703 0

854 70 3,28 1,267 0

854 70 3,28 4,687 0

157 73 3,24 4,241 0

144 76 3,06 4,477 0

201 80 2,88 4,371 0

150 84 3,49 4,393 0

196 89 3,02 4,447 0

101 92 3,28 4,515 0

150 94 3,3 4,62 0

219 94 3,42 2,414 0

107 100 3,4 4,266 0

87 101 3,12 4,641 0

212 106 3,49 5,855 0

104 109 3,28 4,367 0

181 115 2,88 4,784 0

890 116 2,9 3,095 0

98 119 2,98 1,991 0

223 125 3,4 6,069 0

22 133 3,38 4,654 0

706 135 3,31 1,411 0

840 136 3,53 4,41 0

892 141 2,92 2,706 0

848 143 3,22 1,322 0

848 143 3,22 4,429 0

760 151 3,33 3,112 0

179 157 3,28 2,069 0

467 157 3,37 4,271 0

838 166 2,89 3,444 0

210 168 2,95 1,552 0

123 169 3,28 1,484 0

164 169 3,19 1,686 0

654 172 2,86 0,065 0

43 177 3,01 4,624 0

761 177 3 2,911 0

26 178 3,29 4,813 0

895 178 3 2,914 0

631 184 3,21 0,064 0

755 186 2,95 3,047 0

808 186 3,4 1,371 0

459 189 3,21 2,805 0

763 192 3,24 3,047 0

507 194 2,97 6,014 0

567 193 2,98 2,783 0

871 195 2,78 1,12 0

698 199 3,05 1,682 0

482 199 3,12 2,436 0

482 199 3,12 3,193 0

482 199 3,12 5,903 0

678 202 3,11 1,466 0

898 205 3,53 2,909 0

648 207 3,38 1,454 0

854 208 2,81 1,548 0

626 210 3,52 0,579 0

765 211 3,37 3,035 0

765 211 3,37 5,9 0

673 211 2,93 1,62 0

892 213 2,93 2,844 0

874 215 2,83 2,815 0

780 218 3,11 6,278 0

621 220 3,05 1,001 0

899 222 3,41 2,971 0

766 226 2,99 2,852 0

891 228 3,19 2,885 0

806 230 3,07 0,97 0

806 230 3,07 5,071 0

793 232 3,07 0,079 0

658 234 3,16 6,222 0

773 234 2,9 0,876 0

773 234 2,9 5,223 0

760 235 3,13 2,997 0

708 240 3,5 1,651 0

708 240 3,5 4,118 0

883 239 3,33 2,907 0

768 243 3,05 3,148 0

549 247 3,25 1,497 0

704 249 3,15 1,598 0

575 251 3,34 2,903 0

877 251 3,53 2,994 0

440 256 3,78 5,357 0

651 254 2,84 3,065 0

862 260 2,91 6,173 0

563 265 2,98 3,013 0

634 265 3,24 6,187 0

770 267 2,94 2,92 0

864 272 3,18 6,186 0

556 273 3,19 4,285 0

878 275 3,01 2,861 0

764 276 2,95 3,176 0

549 282 3,13 4,602 0

771 282 3,04 3,206 0

515 286 2,7 4,614 0

459 287 3,38 1,246 0

459 287 3,38 6,046 0

442 289 3,04 1,873 0

427 290 3,22 1,119 0

790 292 3,12 6,113 0

865 294 3,03 6,185 0

613 297 2,87 6,162 0

342 299 3,29 1,818 0

881 299 3,04 3,322 0

578 302 3,1 3,078 0

975 302 3,19 1,946 0

975 302 3,19 4,186 0

889 303 2,95 3,295 0

444 305 3,17 4,219 0

429 306 3,14 4,981 0

244 308 3,35 6,189 0

285 311 3,02 0,013 0

881 311 2,97 4,569 0

805 313 3,03 0,311 0

906 313 3,34 3,313 0

343 314 2,97 4,116 0

328 316 3,14 5,108 0

235 318 3,23 4,948 0

939 321 3,17 4,457 0

813 328 2,97 4,641 0

940 329 3,13 4,498 0

439 333 2,98 6,151 0

50 334 3,28 6,27 0

624 337 3,57 4,042 0

819 338 3,39 2,188 0

819 338 3,39 4,989 0

819 338 3,39 5,649 0

262 339 3,42 4,714 0

371 343 3,02 0,331 0

652 345 3,19 5,294 0

898 345 3,25 3,57 0

246 346 3,51 5,988 0

626 347 3,3 3,68 0

256 348 3,01 6,054 0

406 349 3,04 2,986 0

818 350 3,45 2 0

450 354 2,97 5,296 0

670 356 3,13 5,319 0

213 357 3,22 1,952 0

842 359 3,58 5,168 0

628 362 2,97 3,524 0

902 363 2,83 2,801 0

820 366 3,3 4,191 0

610 369 3,21 0,777 0

610 369 3,21 4,394 0

930 370 3,37 1,944 0

121 372 2,87 5,31 0

204 373 3,09 3,111 0

204 373 3,09 4,269 0

619 374 3,41 4,204 0

905 374 3,03 3,016 0

114 378 3,05 2,371 0

468 377 3,08 5,709 0

105 380 3,32 0,528 0

95 382 3,31 0,422 0

274 382 3,19 4,756 0

434 386 2,84 4,365 0

121 389 3,06 4,558 0

953 389 3,16 4,587 0

276 391 2,87 0,522 0

437 397 3,37 1,503 0

450 398 2,93 1,835 0

422 401 3,24 1,384 0

852 401 3,35 4,781 0

319 405 3,33 6,057 0

890 407 3,42 1,946 0

255 409 3,17 1,17 0

408 411 3,17 1,149 0

408 411 3,17 4,78 0

152 413 3,27 3,815 0

297 417 3,05 5,227 0

161 419 3,44 3,75 0

218 419 3,1 6,135 0

91 422 2,94 5,034 0

127 422 3,06 2,041 0

816 425 3,27 0,755 0

816 425 3,27 4,44 0

466 432 3,18 0,293 0

825 431 3,13 0,95 0

825 431 3,13 5,166 0

187 435 3,39 3,347 0

498 434 3,48 3,304 0

255 437 2,91 1,129 0

891 437 3,39 3,442 0

949 437 3,18 4,261 0

391 439 3,15 0,888 0

830 439 2,87 4,942 0

505 442 3,24 1,85 0

505 442 3,24 4,867 0

219 445 3,07 5,885 0

262 445 3,46 3,755 0

406 445 3,47 4,872 0

458 445 3,38 0,553 0

458 445 3,38 4,567 0

183 446 3,24 4,014 0

441 447 2,96 0,984 0

441 447 2,96 3,216 0

367 447 3,01 0,222 0

608 448 3,11 3,599 0

464 451 3,15 0,517 0

940 451 3,33 5,433 0

888 453 3,58 5,42 0

268 455 3,49 3,839 0

782 458 3,08 3,171 0

564 459 2,87 0,615 0

789 461 2,87 3,203 0

936 464 3,57 5,739 0

96 466 3,01 0,369 0

113 466 3,21 3,536 0

240 466 3,05 3,5 0

890 466 3,39 3,055 0

82 467 3,34 1,816 0

253 469 2,98 4,313 0

822 471 2,93 0,369 0

822 471 2,93 3,078 0

358 474 2,84 0,425 0

358 474 2,84 5,882 0

603 474 2,92 3,553 0

813 475 3,43 0,823 0

536 476 3,03 0,851 0

35 480 3,54 4,227 0

321 481 3,44 1,716 0

358 483 3,03 0,483 0

922 484 3,41 1,346 0

108 485 3,09 3,417 0

225 486 2,91 4,346 0

198 486 3,27 4,742 0

118 487 3 2,222 0

282 487 3,06 5,496 0

500 488 3,52 2,331 0

783 491 3,15 3,324 0

352 492 3,23 5,731 0

555 494 2,92 5,08 0

273 495 2,93 2,233 0

821 495 3,16 6,248 0

659 496 2,98 2,559 0

75 499 3,36 3,318 0

13 503 3,32 3,553 0

60 503 3,51 0,397 0

60 503 3,51 3,571 0

83 504 3,49 0,491 0

904 506 2,65 0,667 0

904 506 2,65 1,255 0

89 514 3,37 3,333 0

856 514 2,91 1,716 0

856 514 2,91 5,131 0

993 515 3,05 2,016 0

773 517 3,44 6,078 0

272 518 3,11 3,399 0

272 518 3,11 6,098 0

386 518 3,4 1,339 0

513 518 3,3 1,724 0

842 519 3,15 4,325 0

294 520 3,22 1,208 0

294 520 3,22 3,62 0

924 520 3,55 4,228 0

16 523 2,97 3,435 0

105 523 3,04 1,443 0

909 522 3,05 3,861 0

859 527 2,98 1,253 0

361 528 2,99 2,488 0

267 530 3,37 2,137 0

822 530 3,3 2,369 0

475 531 3,08 5,824 0

505 532 3,14 3,529 0

9 535 3,49 3,764 0

9 535 3,49 5,697 0

460 535 2,94 5,925 0

859 536 3,16 1,222 0

378 537 2,84 5,896 0

521 542 3,23 4,635 0

372 545 3,16 6,2 0

842 546 2,99 1,608 0

338 552 2,93 1,801 0

851 552 3,11 1,559 0

851 552 3,11 3,836 0

328 552 3,02 0,644 0

514 559 3,15 3,714 0

959 561 3,23 5,361 0

790 573 3,35 2,577 0

770 589 3,26 1,582 0

447 593 2,85 1,78 0

364 600 3,53 1,58 0

556 601 2,83 1,84 0

913 604 3,11 1,642 0

789 608 2,98 4,747 0

10 615 2,81 1,83 0

952 616 3,45 1,485 0

118 623 2,74 1,886 0

26 625 3,19 1,343 0

94 627 3,15 4,994 0

185 632 3,35 1,819 0

136 634 3,21 1,739 0

161 637 3,17 1,709 0

221 638 2,88 1,732 0

236 640 3,54 1,69 0

280 646 3,35 1,647 0

240 649 3,1 1,586 0

283 655 3,54 1,676 0

773 656 3,38 2,009 0

312 660 3,45 1,61 0

393 662 3,42 1,735 0

382 670 3,42 1,592 0

413 674 3,4 1,657 0

437 678 3,09 1,563 0

437 678 3,09 4,931 0

410 682 2,89 4,862 0

488 686 3,1 1,45 0

315 688 2,82 1,514 0

448 688 3,22 4,772 0

635 11 4,41 3,079 0

154 22 3,79 2,89 0

637 29 3,94 2,916 0

637 29 3,94 6,195 0

304 34 4,55 4,74 0

285 35 3,38 1,402 0

285 35 3,38 4,745 0

214 42 3,89 4,417 0

751 45 3,51 1,663 0

751 45 3,51 4,249 0

262 53 4,19 4,389 0

284 58 4,48 4,5 0

598 63 3,75 2,417 0

179 66 4,34 4,531 0

890 66 3,99 3,191 0

468 70 3,72 1,536 0

167 78 3,75 4,346 0

225 84 4,08 2,25 0

225 84 4,08 4,096 0

209 88 4,03 4,231 0

412 96 3,61 2,911 0

193 99 4,04 5,619 0

179 105 3,97 5,674 0

116 106 3,93 4,174 0

18 109 4,32 4,374 0

613 112 3,78 3,129 0

414 114 3,61 3,292 0

223 126 3,56 6,044 0

570 130 4,38 4,411 0

870 131 3,74 4,299 0

6 137 4,4 4,659 0

215 137 4,01 5,985 0

860 142 4,31 4,797 0

653 144 3,67 1,378 0

474 147 3,97 4,572 0

673 163 3,78 4,546 0

886 166 3,71 3,041 0

886 166 3,71 5,913 0

528 172 4,1 1,389 0

528 172 4,1 3,384 0

566 176 3,85 3,217 0

798 178 3,98 0,454 0

779 190 3,9 1,348 0

234 192 4,07 5,736 0

898 192 4,13 2,963 0

631 200 3,51 0,283 0

222 202 4,54 5,985 0

466 205 4,15 2,518 0

898 204 3,84 2,864 0

272 211 4,41 0,131 0

233 213 3,84 6,207 0

281 219 4,08 0,167 0

814 220 4,17 3,33 0

225 224 4,02 0,013 0

437 226 3,79 2,25 0

87 235 4,49 0,07 0

87 235 4,49 1,452 0

843 233 4,09 0,423 0

843 233 4,09 2,463 0

814 238 3,93 2,693 0

932 239 3,78 1,86 0

548 246 3,56 1,499 0

264 250 4,46 0,127 0

440 257 3,83 5,308 0

553 256 3,74 1,721 0

661 261 4,1 3,099 0

661 261 4,1 6,183 0

815 261 4,39 3,283 0

476 266 3,65 3,375 0

740 267 4,46 2,953 0

740 267 4,46 6,243 0

556 273 3,3 4,155 0

895 275 4,07 3,025 0

816 280 4,09 3,016 0

848 283 4,45 6,191 0

82 286 3,9 1,608 0

215 287 3,75 5,879 0

457 286 4,08 6,017 0

6 291 3,87 1,588 0

222 296 3,95 5,917 0

283 295 4,71 0,094 0

356 295 4,48 6,211 0

849 297 4,34 6,069 0

462 305 4,1 5,045 0

462 305 4,1 5,598 0

664 305 3,89 0,295 0

664 305 3,89 2,038 0

446 306 3,84 4,021 0

898 307 3,76 3,22 0

473 310 3,96 5,978 0

849 310 4,23 5,578 0

821 312 3,95 3,804 0

821 312 3,95 4,587 0

244 327 3,83 5,989 0

371 326 4,65 6,093 0

907 328 3,74 3,139 0

138 331 4,32 2,617 0

138 331 4,32 5,999 0

283 333 4,56 6,099 0

923 339 4,08 3,956 0

54 346 3,78 4,659 0

427 349 3,67 1,241 0

427 349 3,67 5,712 0

818 350 3,61 2,061 0

659 355 3,38 5,578 0

979 354 4,67 4,837 0

424 360 3,96 2,676 0

224 367 4,12 3,464 0

688 368 4,12 5,907 0

576 371 4,05 4,368 0

284 373 3,94 4,511 0

502 373 4,24 1,911 0

502 373 4,24 4,327 0

894 374 3,77 2,616 0

415 376 3,89 3,875 0

514 381 4,04 0,069 0

94 382 3,82 0,471 0

310 382 4,32 5,976 0

138 383 3,9 3,832 0

151 384 4,37 5,4 0

390 383 3,72 4,467 0

847 387 4,15 0,79 0

537 390 3,87 3,822 0

200 394 4,41 3,134 0

200 394 4,41 5,131 0

107 395 3,88 2,961 0

363 397 3,95 4,218 0

437 396 3,54 1,524 0

279 400 3,76 0,655 0

513 401 3,73 5,072 0

924 400 3,96 0,962 0

924 400 3,96 4,021 0

625 406 3,73 3,246 0

670 407 4,41 0,032 0

82 409 4,03 6,182 0

931 410 4,26 0,863 0

931 410 4,26 2,811 0

347 413 4,22 4,087 0

229 414 3,95 1,27 0

862 416 4,25 5,741 0

832 420 4,33 0,746 0

832 420 4,33 2,587 0

441 433 4,43 0,592 0

455 434 3,82 0,868 0

927 433 4,19 6,039 0

113 439 3,7 0,654 0

296 438 3,9 5,086 0

842 440 3,98 5,146 0

315 443 4,19 4,724 0

427 444 3,96 1,935 0

375 446 3,61 0,371 0

647 447 3,75 0,022 0

647 447 3,75 1,922 0

207 448 4,16 6,01 0

495 447 3,71 3,701 0

823 449 4,64 4,837 0

790 450 4,13 3,302 0

888 452 3,57 3,621 0

316 454 4,34 4,725 0

218 457 3,67 0,212 0

268 455 3,54 3,751 0

906 460 3,79 3,561 0

96 463 3,81 0,399 0

114 467 3,67 3,525 0

322 468 4,25 2,159 0

322 468 4,25 5,696 0

485 468 4,58 3,627 0

679 474 4,17 6,003 0

113 475 4,31 3,401 0

812 475 3,59 0,902 0

214 481 4,24 5,458 0

993 480 3,5 4,208 0

99 487 3,67 3,584 0

130 484 4,23 2,468 0

99 487 3,67 3,584 0

321 491 3,92 5,234 0

928 495 4,14 1,375 0

860 499 4,07 3,203 0

267 502 4,12 2,233 0

60 503 3,52 0,391 0

60 503 3,52 3,59 0

849 504 3,83 3,656 0

849 504 3,83 4,669 0

701 506 4,52 5,534 0

514 508 4 1,752 0

838 507 4,22 4,147 0

528 510 4,36 0,764 0

528 510 4,36 3,71 0

915 509 4,23 0,674 0

476 512 4,48 0,987 0

545 512 4,02 3,635 0

100 515 4,15 3,296 0

221 514 3,86 1,344 0

57 516 3,64 0,345 0

57 516 3,64 2,722 0

772 518 3,7 5,986 0

663 521 4,23 2,74 0

68 524 3,66 2,417 0

68 524 3,66 5,295 0

67 536 3,78 2,214 0

775 535 3,71 0,033 0

103 538 3,99 1,309 0

885 538 3,77 2,295 0

85 543 3,69 1,684 0

786 544 3,63 0,029 0

786 544 3,63 4,186 0

559 548 3,91 1,153 0

961 547 4,02 5,973 0

363 550 3,87 2,202 0

363 550 3,87 3,383 0

524 553 3,74 3,468 0

524 553 3,74 4,426 0

388 556 3,65 1,562 0

534 559 4,03 0,224 0

355 559 3,99 2,157 0

990 560 4,52 0,132 0

518 568 3,87 3,938 0

753 588 4,3 1,443 0

827 593 3,83 5,353 0

722 600 3,96 1,183 0

803 599 4,02 2,224 0

926 616 3,92 1,587 0

167 629 3,9 1,687 0

303 651 3,53 1,719 0

283 655 3,53 1,726 0

488 675 4,28 1,399 0

511 679 4,27 1,766 0

604 691 4 2,029 0

392 10 4,63 1,307 0

392 10 4,63 4,005 0

942 10 5,43 0,624 0

203 16 5,26 1,106 0

970 25 5,59 3,302 0

383 26 5,44 4,284 0

304 47 5,16 4,791 0

246 52 5,58 4,367 0

202 60 4,96 4,416 0

591 61 4,79 2,19 0

578 85 5,79 1,587 0

936 100 5,1 3,02 0

574 101 5,23 1,356 0

594 110 5,39 1,554 0

878 117 5,43 1,698 0

878 117 5,43 4,138 0

588 125 5,04 4,389 0

180 126 4,73 3,442 0

705 134 4,59 1,469 0

501 144 5,11 4,447 0

181 147 4,48 2,345 0

729 149 4,75 3,019 0

729 149 4,75 6,17 0

779 150 5,67 4,6 0

779 150 5,67 5,261 0

806 149 4,66 3,931 0

834 151 5,7 3,676 0

661 154 5,3 1,379 0

562 156 5,33 3,64 0

872 158 4,79 5,427 0

699 161 5,16 6,221 0

771 167 4,58 2,232 0

642 170 4,84 4,675 0

861 171 4,8 3,341 0

861 171 4,8 5,789 0

614 176 5,2 4,599 0

731 176 4,73 2,931 0

731 176 4,73 6,263 0

827 176 5,23 3,087 0

205 180 5,08 5,784 0

874 182 5,94 0,543 0

643 190 4,82 0,348 0

268 192 5,62 6,066 0

519 193 5,68 3,026 0

519 193 5,68 6,053 0

134 199 5,25 4,687 0

210 199 4,63 5,863 0

839 203 4,71 2,349 0

779 206 5,12 1,191 0

779 206 5,12 5,76 0

422 215 4,37 2,011 0

586 222 5,36 6,132 0

968 225 4,81 1,655 0

669 234 4,53 3,324 0

669 234 4,53 6,201 0

621 237 5,09 0,25 0

990 241 4,85 3,303 0

658 244 4,9 6,066 0

633 250 5,02 0,032 0

702 253 5,09 1,617 0

904 253 5 3,063 0

673 258 5,18 2,793 0

673 258 5,18 6,23 0

241 264 4,7 0,076 0

624 274 5,27 6,165 0

650 276 5,49 3,525 0

650 276 5,49 5,879 0

667 287 4,88 0,8 0

667 287 4,88 5,092 0

689 286 5,25 0,309 0

168 287 5,2 3,868 0

602 289 4,75 6,099 0

637 289 4,57 6,062 0

741 289 4,67 3,053 0

741 289 4,67 6,12 0

984 289 5,54 2,416 0

70 292 5,16 1,684 0

467 294 4,24 5,366 0

652 297 4,81 2,723 0

436 298 5,07 0,847 0

436 298 5,07 3,948 0

436 298 5,07 5,241 0

626 299 4,96 6,206 0

677 299 5,11 0,712 0

796 304 4,72 5,542 0

335 308 4,83 2,113 0

335 308 4,83 3,886 0

335 308 4,83 5,252 0

678 309 5,35 4,542 0

659 318 4,7 4,313 0

659 318 4,7 5,247 0

627 319 5,87 5,909 0

680 325 5,1 4,585 0

256 328 4,84 5,883 0

745 327 4,91 2,884 0

745 327 4,91 6,222 0

74 339 5,12 3,396 0

745 345 5,32 1,636 0

940 344 4,99 4,651 0

458 347 5,14 1,49 0

355 354 4,82 1,469 0

673 353 5,72 5,439 0

886 354 4,7 3,691 0

605 356 4,97 5,874 0

928 358 5,36 2,173 0

849 361 4,78 5,131 0

472 363 5,11 5,657 0

587 362 4,92 4,577 0

142 363 5,52 0,286 0

142 363 5,52 3,903 0

247 364 5,2 6,053 0

7 367 5,28 1,47 0

528 381 5,37 3,766 0

373 383 4,69 4,25 0

811 382 5,34 3,966 0

67 385 5,18 1,793 0

888 386 5,18 3,86 0

91 388 5,06 0,848 0

639 388 5,52 1,709 0

639 388 5,52 4,7 0

178 391 5,35 4,768 0

681 394 5,36 0,448 0

899 397 5,47 2,195 0

899 397 5,47 3,846 0

62 406 5,49 1,763 0

289 407 4,89 0,796 0

289 407 4,89 5,134 0

984 412 5,89 0,569 0

847 413 5,32 4,966 0

241 427 4,79 3,43 0

103 431 5,56 0,717 0

103 431 5,56 4,235 0

316 429 5,35 4,877 0

856 434 5,55 5,56 0

836 452 5,32 5,179 0

326 454 5,44 2,167 0

326 454 5,44 4,198 0

591 466 4,54 2,01 0

591 466 4,54 3,648 0

790 466 5,29 3,142 0

878 471 5,5 5,918 0

465 472 5,32 5,274 0

142 476 5,04 2,316 0

266 476 5,02 1,194 0

291 481 4,8 1,606 0

88 484 4,67 0,03 0

544 483 5,67 0,793 0

462 486 5,53 5,168 0

237 486 4,84 4,168 0

383 491 5 5,071 0

886 492 5,25 2,961 0

886 492 5,25 5,496 0

108 495 5,21 3,593 0

139 496 5,58 2,733 0

153 502 5,24 2,45 0

900 502 5,06 0,807 0

464 506 4,83 2,721 0

574 506 5 4,187 0

574 506 5 5,605 0

286 509 4,89 3,043 0

714 518 5,39 4,695 0

950 521 5,5 0,062 0

527 525 5,42 2,229 0

889 525 4,56 2,1 0

889 525 4,56 5,969 0

304 529 5,25 1,414 0

839 531 5,64 1,563 0

918 536 4,85 0,593 0

901 542 4,96 0,822 0

901 542 4,96 2,021 0

269 546 5,09 5,592 0

489 550 5,63 5,009 0

479 563 5,05 5,299 0

325 563 5,11 0,851 0

807 588 4,98 2,24 0

545 597 5,12 1,646 0

820 601 4,87 2,418 0

854 607 4,81 1,131 0

774 612 5,44 1,688 0

774 612 5,44 4,41 0

127 622 4,84 1,773 0

841 630 5,67 1,685 0

201 632 5,03 1,703 0

321 649 5,52 1,653 0

798 656 4,61 1,781 0

369 658 5,12 1,648 0

414 662 5,25 1,7 0

243 20 6,44 4,46 0

953 27 6,13 3,386 0

343 34 6,96 4,635 0

239 37 5,75 4,321 0

227 54 6,28 4,295 0

749 60 6,35 1,365 0

617 67 6,97 1,809 0

1 85 5,84 1,196 0

836 107 6,73 1,436 0

488 118 6,2 1,324 0

764 119 6,68 1,331 0

963 121 6,07 2,838 0

463 123 6,14 1,329 0

545 137 6,43 4,619 0

768 136 6,62 1,346 0

509 145 7,16 4,504 0

881 145 6,1 2,543 0

687 149 5,69 1,37 0

714 150 6,77 2,922 0

832 152 6,08 3,56 0

847 159 5,98 3,606 0

630 160 6,22 1,321 0

606 163 5,97 1,135 0

580 167 7,18 0,017 0

317 170 7,02 1,289 0

187 176 7,15 3,032 0

247 181 6,19 0,656 0

699 182 6,7 0,221 0

596 186 5,9 6,274 0

437 196 6,76 2,328 0

598 206 7,04 0,015 0

867 209 6,38 1,325 0

904 229 6,28 2,918 0

179 230 6,18 2,99 0

566 229 6,51 2,748 0

826 229 6,07 2,864 0

645 232 5,91 0,464 0

88 241 7,04 0,121 0

88 241 7,04 4,676 0

684 242 5,89 3,317 0

973 242 7,05 3,958 0

531 245 6,64 1,388 0

119 262 6,9 0,076 0

119 262 6,9 4,952 0

831 268 6,84 3,267 0

89 271 6,91 1,602 0

289 269 5,97 0,166 0

201 276 6,59 3,067 0

185 285 6,06 3,056 0

984 288 5,83 2,564 0

534 288 6,68 4,601 0

257 290 6,43 6,238 0

319 293 6,78 3,413 0

35 300 6,06 1,695 0

592 305 6,7 6,1 0

678 304 6,14 4,537 0

21 317 5,95 1,824 0

986 318 6,79 2,13 0

981 338 6,88 2,226 0

981 338 6,88 4,927 0

616 344 6,33 5,716 0

283 353 6,05 6,068 0

561 361 6,14 4,251 0

942 359 7,04 2,01 0

942 359 7,04 4,699 0

264 371 6,02 5,392 0

631 371 6,86 3,853 0

162 374 7,39 5,016 0

212 378 6,07 3,376 0

295 383 7,15 5,88 0

986 382 6 1,737 0

569 394 6,54 3,903 0

804 398 6,34 3,591 0

114 403 6,65 3,071 0

96 409 6,24 3,066 0

821 407 6,08 3,661 0

984 412 5,99 0,485 0

447 420 6,08 4,562 0

295 423 6,1 5,302 0

586 429 7,07 1,205 0

403 442 6,64 1,031 0

126 448 5,94 3,269 0

582 449 6,37 0,996 0

361 452 6,11 0,415 0

110 453 5,94 3,361 0

328 455 5,88 3,966 0

198 471 6,35 0,587 0

839 474 6,64 2,541 0

862 475 6,8 2,721 0

862 475 6,8 5,875 0

347 475 6,33 0,012 0

852 489 5,17 2,822 0

522 489 6,87 0,652 0

40 493 5,83 0,567 0

229 496 6,62 0,632 0

229 496 6,62 4,709 0

304 497 7,04 3,884 0

649 501 6,18 0,456 0

649 501 6,18 2,596 0

989 522 6,94 2,255 0

989 522 6,94 4,72 0

797 526 5,73 3,038 0

432 528 6,91 2,997 0

285 533 6,5 1,684 0

556 533 6,87 1,138 0

587 536 6,49 1,326 0

976 539 6,3 4,681 0

289 552 6,62 1,629 0

235 553 7,22 1,759 0

505 561 6,44 4,229 0

763 599 6,4 1,545 0

719 629 7,03 1,391 0

693 630 7,2 1,676 0

169 24 7,8 1,27 0

973 32 7,73 3,345 0

404 39 7,77 4,335 0

411 86 8,5 3,249 0

978 104 8,44 2,906 0

793 135 8,66 1,442 0

419 152 7,69 1,626 0

232 167 7,36 0,551 0

579 168 7,32 6,247 0

187 177 7,06 3,093 0

518 182 8,51 0,027 0

518 182 8,51 1,267 0

518 182 8,51 2,986 0

165 183 8,32 3,077 0

848 190 8,12 2,434 0

431 237 6,97 5,183 0

530 244 7,25 1,388 0

267 253 8,34 0,01 0

772 253 7,56 6,258 0

347 258 8,56 4,175 0

347 258 8,56 5,894 0

908 257 8,18 3,009 0

450 279 7,25 5,689 0

490 276 8,21 5,898 0

912 288 8,66 3,048 0

351 291 7,56 6,124 0

187 325 7,52 3,063 0

321 334 9,1 3,014 0

117 341 7,74 3,288 0

117 341 7,74 4,428 0

890 344 8,45 3,412 0

205 347 8,08 3,001 0

493 347 8,08 2,843 0

341 357 8,15 1,533 0

811 361 7,88 3,904 0

165 373 8,39 4,891 0

672 375 8,45 0,267 0

672 375 8,45 5,593 0

839 374 7,57 0,481 0

839 374 7,57 5,173 0

950 380 7,42 1,843 0

950 380 7,42 4,651 0

854 391 7,78 0,429 0

684 397 7,94 0,277 0

616 409 9 3,448 0

586 429 7,12 1,098 0

911 427 7,83 3,301 0

484 435 8,58 0,548 0

484 435 8,58 3,733 0

33 443 7,73 4,055 0

380 453 7,98 0,589 0

302 461 8,64 5,05 0

962 464 7,57 0,725 0

230 462 8,27 0,252 0

230 462 8,27 3,593 0

418 474 8,52 3,439 0

418 474 8,52 6,282 0

553 505 7,48 5,307 0

336 510 9,47 1,477 0

489 527 7,73 1,756 0

837 529 7,85 1,71 0

837 529 7,85 4,187 0

392 532 8,09 1,232 0

345 536 8,09 1,408 0

613 612 8,93 1,532 0

840 611 8 1,73 0

693 630 7,12 1,694 0

643 74 7,67 1,279 0

801 110 10,02 1,467 0

671 132 9,19 1,38 0

446 165 10,29 2,479 0

386 195 9,71 1,975 0

46 213 9,83 0,031 0

711 219 11,31 2,907 0

284 226 9,4 6,255 0

412 251 9,73 3,226 0

148 266 10,48 3,108 0

780 306 9,76 5,931 0

815 310 9,28 4,762 0

815 310 9,28 5,707 0

457 321 9,64 1,136 0

419 323 9,96 3,078 0

355 332 9,97 6,149 0

301 351 9,35 5,861 0

885 422 11,11 3,316 0

430 433 9,76 2,132 0

373 470 9,14 0,202 0

444 472 9,64 3,352 0

977 479 9,88 0,64 0

588 491 10,09 3,531 0

218 497 11,23 5,067 0

404 506 9,94 5,312 0

370 513 9,61 1,395 0

879 512 9,38 4,591 0

215 533 10,14 1,602 0

824 558 11,04 1,946 0

482 585 10,82 1,668 0

764 82 12,11 1,435 0

117 93 12,74 4,399 0

726 91 11,99 1,318 0

690 97 12,11 1,272 0

727 129 12,12 1,383 0

684 182 12,33 1,418 0

712 260 12,55 2,994 0

538 266 12,31 1,479 0

538 266 12,31 4,498 0

712 307 13,25 3,254 0

178 369 13,91 4,611 0

453 381 11,71 5,495 0

246 387 14,23 5,734 0

203 433 12,55 0,375 0

667 476 12,51 5,915 0

704 490 12,9 5,782 0

618 500 12,68 0,808 0

618 500 12,68 3,449 0

971 514 11,78 0,112 0

680 514 11,61 5,756 0

555 524 14,05 1,413 0

555 524 14,05 2,352 0

871 65 15,48 1,671 0

815 137 16,26 1,492 0

949 158 15,29 3,021 0

810 210 15,93 2,143 0

806 264 14,9 6,093 0

343 279 14,78 5,862 0

385 303 16,11 3,103 0

385 303 16,11 6,024 0

927 346 16,79 3,406 0

389 353 17,35 3,238 0

389 353 17,35 4,187 0

653 370 18,74 5,192 0

381 413 17,92 4,316 0

647 421 15,69 6,233 0

689 429 18 6,154 0

805 447 16,38 3,616 0

574 482 16,79 0,67 0

574 482 16,79 3,395 0

557 530 20,66 1,476 0

374 236 21,36 3,468 0

148 261 16,98 3,072 0

331 383 21,64 4,41 0

331 383 21,64 5,756 0

537 435 20,98 3,931 0

283 453 19,53 2,949 0

283 453 19,53 5,107 0

932 475 21,27 0,552 0

509 483 19,41 3,824 0

574 206 27,1 0,301 0

819 432 24,85 3,789 0

267 79 32,41 4,445 0

207 226 31,37 6,169 0

238 367 30,04 5,816 0

420 94 39,64 2,055 0

667 268 43,59 5,382 0

851 273 43,86 3,249 0

207 144 50,55 4,427 0

347 221 49,46 5,953 0

213 464 82,74 1,692 0

575 476 80,23 1,585 0

750 259 92,72 1,776 0

750 259 92,72 5,37 0

