44 498 0,93 0,498 0,971473580375928

994 509 1,15 2,466 0,810043438827359

403 383 1,66 4,529 0

414 419 1,57 4,658 0

117 446 1,43 3,235 0

116 458 1,44 3,306 0

69 477 1,62 5,073 0

226 481 1,58 4,63 0

991 513 1,59 2,553 0

471 343 2,18 0,394 0

831 354 1,94 4,498 0

226 408 2,03 1,378 0

229 428 1,92 3,795 0

555 485 1,85 0,406 0

69 492 2,18 3,973 0

771 153 2,56 3 0

878 168 2,31 4,22 0

790 225 2,66 0,195 0

784 242 2,49 6,104 0

791 242 2,31 6,208 0

797 246 2,32 6,251 0

550 265 2,58 3,147 0

805 266 2,8 0,001 0

787 287 2,34 6,202 0

595 292 2,71 0,367 0

595 292 2,71 5,548 0

870 296 2,82 6,199 0

894 305 2,61 3,385 0

796 318 2,54 0,751 0

641 325 2,66 4,074 0

652 330 2,56 5,346 0

666 330 2,74 4,29 0

809 335 2,8 4,477 0

376 338 2,49 5,824 0

918 339 2,53 3,752 0

471 351 2,49 2,938 0

879 353 2,82 4,769 0

879 353 2,82 5,726 0

901 359 2,55 3,497 0

830 361 2,86 3,128 0

830 361 2,86 4,29 0

826 390 2,35 2,147 0

843 394 2,5 0,104 0

128 396 2,68 4,295 0

955 400 2,86 1,095 0

955 400 2,86 4,573 0

298 432 2,8 1,614 0

840 433 2,61 1,278 0

513 437 2,64 2,012 0

814 437 2,6 4,752 0

556 470 2,76 0,809 0

901 477 2,41 3,41 0

49 490 2,52 0,742 0

281 491 2,7 5,476 0

264 516 2,66 5,831 0

369 534 2,72 1,302 0

878 579 2,64 3,431 0

435 690 2,71 1,695 0

435 690 2,71 4,997 0

359 6 3,31 4,491 0

223 22 2,84 3,198 0

332 28 3,24 1,308 0

154 72 3,54 4,238 0

142 76 3,32 4,447 0

200 80 3,28 4,389 0

148 84 3,33 4,347 0

102 109 3,15 4,327 0

738 130 3,35 1,043 0

855 134 3,26 4,677 0

865 157 3,02 6,235 0

848 172 2,86 1,604 0

848 172 2,86 4,549 0

764 176 3,04 2,928 0

774 183 3,17 3,66 0

774 183 3,17 5,487 0

812 185 3,37 1,415 0

767 192 3,17 3,046 0

483 200 3,4 0,282 0

483 200 3,4 2,225 0

483 200 3,4 3,427 0

681 203 2,89 1,523 0

609 204 3,3 2,444 0

858 208 3,03 1,459 0

587 209 2,97 0,611 0

587 209 2,97 5,498 0

617 212 3,11 1,041 0

887 213 3,18 2,797 0

897 214 3,21 2,852 0

783 218 2,91 6,213 0

624 220 2,99 0,994 0

770 225 3,47 2,875 0

633 226 3,33 0,299 0

777 234 3,03 0,868 0

777 234 3,03 5,19 0

865 234 3,18 0,495 0

857 236 2,9 0,302 0

857 236 2,9 2,865 0

879 237 3,5 2,816 0

888 240 3,28 2,852 0

803 241 2,83 0,126 0

609 244 3,04 0,121 0

455 246 3,25 2,715 0

195 262 3,38 2,053 0

195 262 3,38 4,092 0

889 264 3,25 3,118 0

868 273 3,02 6,199 0

860 275 3,08 6,193 0

767 277 3,24 3,201 0

891 287 2,92 2,937 0

862 289 3,26 6,215 0

794 292 3,39 6,043 0

808 296 2,84 5,646 0

639 305 3,4 3,054 0

639 305 3,4 6,217 0

349 308 3,5 1,484 0

349 308 3,5 4,587 0

320 310 3,33 1,434 0

320 310 3,33 4,678 0

886 311 3,45 4,468 0

809 314 3,27 0,277 0

617 315 3,36 6,147 0

234 320 3,45 5,112 0

783 328 3,3 1,265 0

617 328 3,58 5,863 0

475 333 3,38 0,151 0

652 339 3,01 5,195 0

833 340 2,89 5,801 0

262 341 3,43 4,766 0

371 346 3,19 0,382 0

478 346 3,23 3,084 0

245 348 3,42 5,961 0

629 349 3,27 3,67 0

847 351 3,01 5,013 0

864 351 3,33 1,607 0

864 351 3,33 4,554 0

378 353 2,99 5,963 0

238 356 3,26 1,552 0

238 356 3,26 4,273 0

631 364 3,03 3,59 0

206 367 3,22 1,956 0

206 367 3,22 4,225 0

434 367 3,33 3,545 0

885 367 3,21 1,783 0

885 367 3,21 4,805 0

484 370 3,01 3,11 0

622 377 3,39 4,202 0

112 380 2,96 2,355 0

270 385 3,35 4,782 0

400 390 2,92 4,619 0

275 393 3,41 0,406 0

665 398 3,06 0,8 0

838 400 3,24 5,775 0

613 401 3,57 0,8 0

958 408 3,32 1,011 0

958 408 3,32 5,266 0

309 410 3,05 6,105 0

431 418 3,18 4,463 0

409 423 3,43 4,885 0

87 425 3,01 5,078 0

820 427 3,44 1,232 0

828 433 3,17 0,712 0

828 433 3,17 5,43 0

254 439 3,02 1,257 0

225 440 3,07 1,189 0

834 441 3,15 5,009 0

208 441 3,15 6,077 0

817 444 2,9 4,59 0

216 448 3,24 6,053 0

458 448 3,44 0,431 0

458 448 3,44 4,649 0

442 450 3,07 3,266 0

857 454 3,31 5,508 0

267 458 3,49 3,802 0

884 458 3,07 2,215 0

566 460 3,1 0,52 0

820 465 3,15 0,906 0

349 466 3,45 1,602 0

349 466 3,45 5,424 0

943 467 3,49 5,699 0

895 469 3,51 2,998 0

566 473 3,04 0,771 0

827 474 3,2 0,465 0

605 477 3,4 3,508 0

895 479 2,98 2,903 0

303 483 3,23 2,191 0

358 487 3,49 0,304 0

223 489 3,25 4,447 0

270 490 2,89 1,123 0

502 492 3,45 2,381 0

572 494 3,27 3,885 0

842 494 2,76 5,277 0

787 495 3,53 3,328 0

273 498 3,1 2,278 0

286 499 3,07 3,936 0

826 499 3,35 6,274 0

59 505 3,29 0,417 0

59 505 3,29 3,605 0

80 507 3,24 0,515 0

387 512 2,96 3,555 0

387 512 2,96 5,69 0

490 513 2,91 1,319 0

497 519 2,98 1,969 0

55 520 3,49 0,336 0

55 520 3,49 2,848 0

513 522 3,29 1,849 0

871 523 2,98 2,489 0

294 524 3,45 1,302 0

930 524 3,58 1,568 0

930 524 3,58 4,288 0

915 526 3,21 4,006 0

102 527 2,94 1,652 0

864 530 2,91 1,163 0

267 534 3,43 2,069 0

508 535 3,27 3,459 0

872 537 3,56 2,598 0

64 540 3,56 2,169 0

378 542 3,12 5,972 0

997 546 2,87 0,093 0

372 550 3,13 6,235 0

881 550 3,12 2,469 0

339 556 3,48 1,851 0

855 556 3,37 1,453 0

855 556 3,37 3,682 0

791 596 2,87 1,762 0

871 596 3,17 0,573 0

871 596 3,17 3,635 0

826 617 3,08 2,152 0

240 654 3,41 1,643 0

787 657 2,93 1,242 0

816 660 2,86 2,384 0

452 685 3,52 1,88 0

452 685 3,52 4,708 0

447 693 3,06 4,78 0

340 9 3,74 4,431 0

151 21 3,87 2,86 0

284 34 4,28 4,736 0

352 46 4,48 4,461 0

599 62 3,83 2,478 0

177 65 4,27 4,537 0

469 69 4,01 1,534 0

191 74 3,76 4,545 0

166 77 4,14 4,391 0

224 84 4,48 2,304 0

224 84 4,48 4,084 0

207 88 3,71 4,211 0

148 94 3,7 4,396 0

218 96 4,35 2,464 0

102 100 3,75 4,228 0

114 106 4,31 4,174 0

615 111 4,35 3,107 0

222 127 4,11 6,015 0

876 130 3,94 4,271 0

844 136 3,91 4,32 0

475 147 4,09 4,57 0

179 147 4,45 2,324 0

763 153 4,03 3,062 0

176 158 3,9 2,293 0

176 158 3,9 4,028 0

676 163 4,07 4,529 0

891 166 4,35 3,028 0

891 166 4,35 5,891 0

903 173 4,31 2,922 0

23 178 4 4,845 0

633 183 4,28 0,109 0

783 189 3,84 1,347 0

233 194 4,44 5,742 0

506 194 3,9 6,035 0

904 203 4,24 2,871 0

232 214 4,07 6,218 0

856 219 4,04 2,021 0

437 225 4,16 2,255 0

896 230 4 2,861 0

847 234 4,35 0,429 0

847 234 4,35 2,169 0

818 239 3,92 2,694 0

712 240 3,92 1,822 0

712 240 3,92 4,132 0

772 246 3,99 3,092 0

442 260 4,15 5,369 0

664 263 4,1 6,159 0

852 284 4,53 6,175 0

453 297 3,77 4,608 0

219 301 4,69 5,907 0

232 300 4,23 5,958 0

420 301 3,81 1,433 0

420 301 3,81 4,638 0

981 303 4,15 2,159 0

981 303 4,15 4,056 0

639 306 3,51 6,22 0

667 306 3,76 0,407 0

667 306 3,76 1,986 0

474 311 4,38 5,956 0

853 310 4,57 5,56 0

283 314 3,83 0,036 0

778 317 4,04 2,871 0

618 328 3,63 5,8 0

912 328 4,05 3,172 0

242 329 4,03 5,943 0

822 340 3,78 2,239 0

822 340 3,78 4,881 0

970 343 4,07 5,78 0

811 345 3,96 2,36 0

428 351 3,76 1,152 0

822 352 3,75 2,118 0

424 361 3,85 2,706 0

908 369 4,41 2,77 0

579 373 4,29 4,351 0

936 372 4,22 2,037 0

282 375 4,08 4,609 0

415 378 3,64 3,895 0

515 381 4,05 0,156 0

102 385 4,53 0,506 0

102 385 4,53 2,308 0

136 385 4,14 3,905 0

269 386 3,54 4,898 0

389 386 3,87 4,472 0

117 391 3,74 4,387 0

539 392 3,99 3,818 0

450 398 3,85 1,807 0

363 400 4,3 4,179 0

420 401 4,26 1,418 0

929 401 4,07 4,052 0

515 403 3,91 5,025 0

380 408 3,73 4,225 0

411 413 4,48 1,272 0

411 413 4,48 4,752 0

150 416 4,22 3,746 0

808 423 4,19 3,797 0

837 422 4,36 0,764 0

837 422 4,36 2,633 0

123 423 3,43 1,787 0

410 424 3,85 4,844 0

969 425 3,69 3,65 0

134 433 3,72 3,65 0

134 433 3,72 4,779 0

468 435 4,13 0,388 0

502 433 4,36 3,126 0

455 437 4,08 0,778 0

185 438 4 3,659 0

955 439 4,04 3,956 0

847 442 4,38 5,202 0

508 445 4,14 2,057 0

508 445 4,14 4,675 0

261 448 4,01 3,565 0

893 455 3,56 3,581 0

322 457 4,66 4,357 0

464 456 3,8 0,192 0

267 458 3,54 3,709 0

640 458 4,38 1,654 0

215 460 3,86 0,208 0

92 465 4,01 0,421 0

943 467 3,57 5,532 0

79 470 4,28 1,896 0

256 470 4,17 3,738 0

816 479 3,71 0,9 0

127 487 4,08 2,396 0

929 487 3,71 1,343 0

562 488 3,66 5,123 0

118 493 4,07 2,335 0

320 494 4,23 5,238 0

556 498 3,84 5,107 0

638 498 4,43 0,441 0

865 503 4,11 3,347 0

854 507 3,77 3,746 0

854 507 3,77 4,594 0

843 509 4,22 3,956 0

515 511 4,3 1,789 0

477 515 4,5 1,009 0

546 516 3,95 3,592 0

87 517 4,01 3,297 0

98 518 4,03 3,287 0

272 521 3,82 3,389 0

272 521 3,82 5,579 0

906 521 3,98 6,005 0

551 525 3,68 3,666 0

666 524 4,34 2,762 0

66 528 3,95 2,387 0

66 528 3,95 5,256 0

915 526 3,44 4,245 0

461 539 3,66 5,817 0

890 541 3,78 2,223 0

312 548 3,61 3,645 0

312 548 3,61 3,645 0

846 549 3,68 1,547 0

363 554 4,08 2,279 0

363 554 4,08 3,313 0

340 556 3,58 1,997 0

855 556 3,39 1,404 0

855 556 3,39 3,412 0

526 558 3,99 3,498 0

526 558 3,99 4,365 0

796 558 3,86 4,125 0

872 559 4,01 0,929 0

872 559 4,01 2,652 0

536 563 4,01 0,196 0

355 563 3,83 2,236 0

295 589 3,64 1,562 0

773 591 4,12 1,604 0

832 597 3,97 5,309 0

365 604 4,27 1,625 0

711 621 4,24 1,343 0

184 637 3,87 1,877 0

132 639 3,99 1,723 0

283 660 3,91 1,766 0

312 665 3,82 1,646 0

414 679 3,59 1,668 0

489 680 4,59 1,331 0

513 684 4,41 1,801 0

425 689 3,68 1,584 0

491 691 3,72 1,324 0

392 9 4,56 1,316 0

638 11 4,9 3,072 0

303 34 4,89 4,77 0

209 44 4,64 4,351 0

302 47 4,89 4,808 0

632 57 4,6 5,125 0

200 60 4,77 4,428 0

893 65 5,28 3,214 0

579 83 5,6 1,597 0

177 104 4,39 3,361 0

177 104 4,39 5,648 0

590 125 5,07 4,35 0

178 126 4,73 3,469 0

573 130 4,69 4,377 0

211 136 4,93 5,925 0

864 142 4,71 4,792 0

624 146 5,55 1,308 0

732 150 4,84 3,006 0

732 150 4,84 6,173 0

783 150 5,76 4,576 0

783 150 5,76 5,361 0

811 150 4,84 3,978 0

902 157 4,94 3,049 0

876 157 4,55 5,376 0

702 161 5,45 6,185 0

774 167 4,61 2,225 0

644 170 4,77 4,69 0

865 171 5,27 3,363 0

865 171 5,27 5,805 0

734 175 4,82 2,928 0

734 175 4,82 6,255 0

202 181 5,16 5,785 0

879 181 5,61 0,556 0

892 191 5,27 0,694 0

892 191 5,27 2,902 0

737 200 4,86 3,019 0

737 200 4,86 6,15 0

221 202 4,66 5,946 0

843 204 4,97 2,346 0

782 206 5,05 1,155 0

782 206 5,05 5,815 0

421 214 5,24 2,005 0

974 224 4,88 1,749 0

223 226 4,52 0,005 0

672 235 4,7 3,329 0

672 235 4,7 6,179 0

623 238 5,3 0,237 0

937 240 4,47 1,987 0

661 245 4,84 6,047 0

635 250 5,01 0,031 0

651 258 5,12 0,047 0

675 259 5,14 2,771 0

675 259 5,14 6,264 0

442 261 4,28 5,287 0

626 275 5,44 6,156 0

900 277 4,72 3,021 0

165 288 5,44 3,848 0

669 288 5,47 0,792 0

669 288 5,47 5,094 0

604 289 4,79 6,096 0

640 290 4,72 6,017 0

745 291 4,8 3,048 0

745 291 4,8 6,118 0

989 289 5,28 2,39 0

281 297 5,61 0,095 0

654 298 4,81 2,67 0

628 301 5,31 6,202 0

680 302 5,64 0,712 0

577 305 5,25 3,115 0

799 305 4,71 5,586 0

903 308 4,46 3,238 0

662 320 5,06 4,536 0

662 320 5,06 5,244 0

646 324 4,58 5,14 0

681 326 5,84 4,51 0

749 328 5,06 2,913 0

749 328 5,06 6,2 0

135 332 5,27 2,757 0

135 332 5,27 5,906 0

930 339 4,9 4,014 0

748 347 5,45 1,597 0

945 346 5,03 4,655 0

458 349 5,35 1,487 0

458 349 5,35 5,321 0

606 357 5,11 5,839 0

854 362 4,89 5,171 0

590 364 4,72 4,607 0

620 363 5,5 3,74 0

693 371 5,2 5,979 0

311 384 5,2 5,956 0

816 383 5,39 3,945 0

373 385 5,25 4,28 0

63 388 5,42 1,719 0

87 390 4,85 0,83 0

641 390 5,38 1,738 0

641 390 5,38 4,684 0

904 398 5,57 2,299 0

904 398 5,57 3,78 0

989 399 4,45 1,661 0

989 399 4,45 4,671 0

289 409 5,04 0,777 0

289 409 5,04 5,178 0

672 410 4,59 0,034 0

78 413 4,56 6,137 0

937 414 4,86 2,893 0

228 416 5,1 1,314 0

228 416 5,1 6,209 0

851 416 5,32 5,044 0

346 418 5,27 4,1 0

869 420 5,13 5,671 0

953 421 4,9 2,963 0

792 428 4,81 3,817 0

240 430 5,33 3,384 0

316 432 5,14 4,875 0

100 433 5,67 0,745 0

100 433 5,67 4,258 0

296 441 4,53 5,125 0

315 446 4,63 4,739 0

497 453 4,7 3,842 0

840 455 5,37 5,193 0

247 458 5,09 3,299 0

323 457 4,8 4,213 0

782 462 5,18 3,224 0

184 464 5,64 0,654 0

593 469 4,87 2,006 0

593 469 4,87 3,726 0

486 470 4,77 3,833 0

322 472 4,62 2,243 0

113 475 5,31 3,423 0

883 474 5,74 5,889 0

140 479 5,23 2,402 0

265 480 4,87 1,209 0

290 484 5,38 1,645 0

84 488 4,82 0,021 0

382 494 5,34 5,069 0

106 499 5,32 3,594 0

119 493 4,15 2,35 0

136 498 5,61 2,697 0

906 505 5,13 0,816 0

266 506 4,99 2,368 0

464 509 4,81 2,659 0

576 509 5,52 4,188 0

576 509 5,52 5,586 0

285 513 4,96 3,068 0

477 515 4,43 1,111 0

531 513 4,8 0,809 0

531 513 4,8 3,661 0

808 512 4,79 3,348 0

920 512 4,72 0,76 0

238 515 4,78 0,49 0

313 518 4,97 1,495 0

34 520 4,98 0,024 0

529 529 5,4 2,24 0

894 528 4,79 2,117 0

894 528 4,79 5,995 0

303 533 5,22 1,414 0

776 538 4,93 0,06 0

523 544 4,53 2,211 0

790 547 4,46 0,094 0

790 547 4,46 2,813 0

268 550 5,18 5,604 0

967 551 4,48 5,89 0

490 554 5,6 5,013 0

325 566 5,18 0,854 0

480 567 5,42 5,264 0

962 566 4,7 5,62 0

258 577 4,55 1,955 0

811 591 5,51 2,232 0

805 604 4,95 2,213 0

825 605 5,06 2,416 0

778 617 5,62 1,707 0

778 617 5,62 4,4 0

746 622 5,19 1,315 0

746 622 5,19 4,593 0

846 634 5,67 1,679 0

199 636 5,28 1,694 0

802 660 4,83 1,746 0

199 14 6,04 0,985 0

242 18 6,74 4,458 0

959 24 7,27 3,353 0

977 27 6,76 3,334 0

342 33 6,98 4,632 0

245 51 5,63 4,305 0

226 54 6,21 4,28 0

619 67 6,85 1,804 0

19 109 5,52 4,414 0

594 110 6,2 1,601 0

490 116 6,52 1,316 0

882 116 5,72 1,818 0

882 116 5,72 3,77 0

968 121 6,42 2,836 0

704 132 6,15 1,481 0

547 137 6,37 4,631 0

771 135 6,82 1,331 0

510 146 7,09 4,518 0

886 145 6,17 2,616 0

689 149 6,12 1,368 0

836 152 6,35 3,536 0

564 155 5,9 3,73 0

852 159 5,93 3,599 0

632 159 6,47 1,323 0

607 163 6,5 1,099 0

830 175 6,09 3,098 0

185 177 6,87 3,033 0

617 178 5,97 4,744 0

246 181 6,7 0,654 0

598 186 6,19 0,009 0

267 194 5,88 6,018 0

906 199 6,12 2,886 0

133 200 6,28 4,725 0

872 209 6,63 1,346 0

771 220 6,41 2,925 0

587 223 5,99 6,147 0

910 229 6,33 2,917 0

831 230 5,97 2,85 0

177 231 6,35 2,979 0

647 233 6,01 0,479 0

687 243 6,03 3,213 0

117 264 7,1 0,064 0

117 264 7,1 4,941 0

241 263 5,91 0,051 0

287 269 6,28 0,16 0

465 272 6,56 5,713 0

835 270 6,84 3,275 0

465 272 6,56 5,713 0

652 276 5,65 3,78 0

652 276 5,65 5,779 0

199 278 6,49 3,058 0

450 281 7,12 5,758 0

183 286 6,24 3,044 0

692 287 5,68 0,338 0

777 288 6,24 5,979 0

256 292 6,77 6,239 0

319 294 6,65 3,402 0

468 295 5,71 5,486 0

436 299 6,2 0,774 0

436 299 6,2 4,009 0

436 299 6,2 5,223 0

31 302 6 1,693 0

594 306 6,75 6,095 0

681 306 6,23 4,534 0

334 309 5,69 2,153 0

334 309 5,69 3,905 0

334 309 5,69 5,24 0

18 319 5,89 1,798 0

630 320 6,73 4,673 0

630 320 6,73 5,877 0

371 325 5,74 6,009 0

256 328 6,07 5,778 0

985 339 6,88 1,989 0

985 339 6,88 4,964 0

619 347 6,51 5,711 0

676 353 7,15 5,444 0

281 355 6,55 6,05 0

948 361 7 2,013 0

948 361 7 4,713 0

139 366 5,94 3,933 0

139 366 5,94 6,266 0

473 366 6 5,589 0

102 368 5,81 1,695 0

244 369 6,52 5,955 0

263 373 6 5,494 0

635 373 6,94 3,833 0

529 383 5,79 3,739 0

888 387 7,1 3,767 0

148 392 6,11 4,125 0

148 392 6,11 5,168 0

197 394 5,81 3,416 0

197 394 5,81 4,855 0

808 400 6,66 3,593 0

111 406 6,59 3,099 0

825 410 6,1 3,653 0

93 412 6,55 3,111 0

988 415 6,03 0,469 0

988 415 6,03 4,691 0

447 423 6,04 4,545 0

211 426 6,38 0,064 0

295 426 6,01 5,339 0

588 431 6,92 1,184 0

862 436 6,06 5,589 0

403 444 6,69 1,037 0

125 452 6,14 3,278 0

583 452 6,65 0,959 0

360 454 6,28 0,432 0

107 456 6,53 3,35 0

326 458 5,14 3,968 0

196 474 6,4 0,553 0

346 479 6,32 6,276 0

866 477 6,8 2,732 0

866 477 6,8 5,849 0

545 486 5,71 0,724 0

236 488 5,5 4,177 0

891 494 5,74 3,07 0

891 494 5,74 5,302 0

37 497 5,8 0,591 0

303 501 6,92 3,881 0

652 504 6,51 0,482 0

652 504 6,51 2,625 0

480 508 6,34 1,475 0

787 519 6,01 3,259 0

787 519 6,01 5,961 0

953 522 6,64 0,061 0

802 529 6,04 3,017 0

284 537 6,73 1,693 0

906 542 6,71 1,909 0

982 543 6,23 4,67 0

287 556 6,7 1,646 0

233 557 7,27 1,779 0

203 560 6,28 1,575 0

506 565 6,5 4,241 0

575 605 5,35 1,562 0

765 603 6,96 1,531 0

722 633 7,03 1,392 0

700 650 5,91 1,634 0

369 661 7,96 1,702 0

416 665 6,95 1,697 0

166 23 7,85 1,282 0

959 23 7,22 3,357 0

405 37 7,52 4,341 0

982 102 7,47 2,895 0

841 104 7,85 1,454 0

763 117 8,19 1,304 0

896 130 7,21 2,953 0

797 134 8,78 1,438 0

420 151 8,45 1,62 0

141 164 7,24 1,678 0

581 168 7,56 6,255 0

247 181 7,04 0,552 0

520 182 8,89 1,319 0

520 182 8,89 2,974 0

701 184 7,19 1,299 0

852 190 8,24 2,454 0

438 198 7,35 2,293 0

600 204 7,48 0,053 0

433 238 7,52 5,18 0

86 243 7,56 4,78 0

531 244 7,64 1,387 0

266 253 8,18 6,272 0

776 254 7,65 6,269 0

347 261 9,04 4,123 0

347 261 9,04 5,923 0

491 276 8,07 5,89 0

450 280 7,08 5,713 0

917 288 8,74 3,046 0

350 291 7,99 6,141 0

185 327 7,7 3,069 0

895 345 8,78 3,409 0

204 347 8,65 2,997 0

495 349 8,33 2,834 0

676 352 7,39 5,435 0

339 360 8,88 1,538 0

565 362 7,36 4,133 0

816 363 7,74 3,876 0

162 375 8,11 4,902 0

675 377 8,27 0,258 0

675 377 8,27 5,62 0

842 376 7,81 0,45 0

842 376 7,81 5,189 0

956 382 7,38 1,966 0

859 393 8,08 0,386 0

421 394 7,82 4,04 0

510 425 8,31 2,926 0

916 430 7,99 3,319 0

28 446 7,88 4,053 0

380 455 8,02 0,609 0

300 463 8,73 5,048 0

843 478 7,18 2,554 0

559 485 7,94 0,749 0

554 508 7,36 5,321 0

105 512 7,95 3,311 0

335 513 9,75 1,492 0

596 519 7,59 1,419 0

596 519 7,59 3,935 0

432 532 7,4 1,03 0

432 532 7,4 2,998 0

491 531 8,08 1,741 0

842 532 7,52 1,705 0

842 532 7,52 4,189 0

393 536 8,29 1,234 0

345 539 8,08 1,422 0

232 557 7,39 1,86 0

844 616 8,83 1,73 0

368 661 7,64 1,718 0

417 664 7,41 1,691 0

643 72 10,45 1,332 0

804 109 9,96 1,472 0

674 131 9,38 1,382 0

447 165 10,37 2,447 0

160 182 8,93 3,19 0

43 214 9,87 0,039 0

281 229 8,96 6,224 0

412 253 9,72 3,189 0

916 259 9,65 3,004 0

146 267 10,82 3,13 0

785 307 9,78 5,893 0

819 311 9,62 4,787 0

819 311 9,62 5,695 0

419 324 9,86 3,103 0

458 323 9,47 1,174 0

354 334 9,72 6,124 0

646 353 11,96 5,188 0

617 413 9,65 3,437 0

890 424 11,34 3,295 0

431 436 9,77 2,096 0

486 438 8,76 3,775 0

228 464 9,18 0,317 0

228 464 9,18 3,586 0

418 475 9,31 3,413 0

418 475 9,31 6,14 0

445 475 9,69 3,353 0

981 482 9,69 0,611 0

405 510 10,02 5,319 0

370 516 9,79 1,388 0

885 516 9,88 2,061 0

885 516 9,88 4,58 0

213 537 10,24 1,593 0

766 81 11,95 1,434 0

730 89 12,11 1,321 0

115 93 12,85 4,398 0

693 96 12,31 1,269 0

730 127 12,43 1,401 0

350 169 14,03 1,549 0

687 182 12,45 1,417 0

712 220 12,3 2,853 0

715 261 12,72 3,009 0

539 267 12,93 1,475 0

539 267 12,93 4,503 0

715 309 13,39 3,281 0

176 371 14,12 3,128 0

176 371 14,12 4,603 0

453 383 11,71 5,488 0

244 389 13,99 5,741 0

201 435 12,7 0,363 0

670 480 12,63 5,916 0

707 494 13,06 5,791 0

214 500 11,61 5,18 0

620 503 12,79 0,797 0

620 503 12,79 3,449 0

976 518 11,67 0,085 0

683 518 11,63 5,766 0

557 528 14,01 1,396 0

557 528 14,01 2,4 0

483 588 9,72 1,668 0

876 64 15,43 1,681 0

956 156 15,91 3,007 0

814 210 16,07 2,14 0

342 280 14,62 5,87 0

385 304 16,38 3,108 0

385 304 16,38 6,018 0

932 347 17,28 3,407 0

388 356 17,99 3,273 0

388 356 17,99 4,21 0

177 371 14,23 4,495 0

381 416 17,7 4,305 0

649 424 16,14 6,232 0

809 451 16,38 3,63 0

576 485 16,82 0,678 0

576 485 16,82 3,409 0

68 528 15,01 1,495 0

480 587 14,06 1,689 0

374 237 21,81 3,471 0

656 373 19,2 5,226 0

331 386 21,96 4,398 0

331 386 21,96 5,756 0

693 431 18,85 6,122 0

539 439 21,09 3,922 0

282 454 19,58 2,932 0

282 454 19,58 5,153 0

938 478 21,33 0,497 0

509 485 19,49 3,825 0

265 69 27,91 4,423 0

575 205 27,55 0,297 0

824 434 25,35 3,795 0

1 544 28,08 1,463 0

265 75 30,65 4,461 0

205 226 32,21 6,164 0

236 367 30,42 5,827 0

715 448 32,63 5,911 0

419 94 39,65 2,042 0

670 269 44,11 5,365 0

856 274 43,86 3,264 0

204 145 50,59 4,42 0

345 222 50,56 5,951 0

210 466 82,87 1,691 0

578 478 80,14 1,584 0

754 260 93,44 1,726 0

754 260 93,44 5,37 0

