44 498 0,971473580375928

994 509 0,810043438827359

403 383 0

414 419 0

117 446 0

116 458 0

69 477 0

226 481 0

991 513 0

471 343 0

831 354 0

226 408 0

229 428 0

555 485 0

69 492 0

771 153 0

878 168 0

790 225 0

784 242 0

791 242 0

797 246 0

550 265 0

805 266 0

787 287 0

595 292 0

595 292 0

870 296 0

894 305 0

796 318 0

641 325 0

652 330 0

666 330 0

809 335 0

376 338 0

918 339 0

471 351 0

879 353 0

879 353 0

901 359 0

830 361 0

830 361 0

826 390 0

843 394 0

128 396 0

955 400 0

955 400 0

298 432 0

840 433 0

513 437 0

814 437 0

556 470 0

901 477 0

49 490 0

281 491 0

264 516 0

369 534 0

878 579 0

435 690 0

435 690 0

359 6 0

223 22 0

332 28 0

154 72 0

142 76 0

200 80 0

148 84 0

102 109 0

738 130 0

855 134 0

865 157 0

848 172 0

848 172 0

764 176 0

774 183 0

774 183 0

812 185 0

767 192 0

483 200 0

483 200 0

483 200 0

681 203 0

609 204 0

858 208 0

587 209 0

587 209 0

617 212 0

887 213 0

897 214 0

783 218 0

624 220 0

770 225 0

633 226 0

777 234 0

777 234 0

865 234 0

857 236 0

857 236 0

879 237 0

888 240 0

803 241 0

609 244 0

455 246 0

195 262 0

195 262 0

889 264 0

868 273 0

860 275 0

767 277 0

891 287 0

862 289 0

794 292 0

808 296 0

639 305 0

639 305 0

349 308 0

349 308 0

320 310 0

320 310 0

886 311 0

809 314 0

617 315 0

234 320 0

783 328 0

617 328 0

475 333 0

652 339 0

833 340 0

262 341 0

371 346 0

478 346 0

245 348 0

629 349 0

847 351 0

864 351 0

864 351 0

378 353 0

238 356 0

238 356 0

631 364 0

206 367 0

206 367 0

434 367 0

885 367 0

885 367 0

484 370 0

622 377 0

112 380 0

270 385 0

400 390 0

275 393 0

665 398 0

838 400 0

613 401 0

958 408 0

958 408 0

309 410 0

431 418 0

409 423 0

87 425 0

820 427 0

828 433 0

828 433 0

254 439 0

225 440 0

834 441 0

208 441 0

817 444 0

216 448 0

458 448 0

458 448 0

442 450 0

857 454 0

267 458 0

884 458 0

566 460 0

820 465 0

349 466 0

349 466 0

943 467 0

895 469 0

566 473 0

827 474 0

605 477 0

895 479 0

303 483 0

358 487 0

223 489 0

270 490 0

502 492 0

572 494 0

842 494 0

787 495 0

273 498 0

286 499 0

826 499 0

59 505 0

59 505 0

80 507 0

387 512 0

387 512 0

490 513 0

497 519 0

55 520 0

55 520 0

513 522 0

871 523 0

294 524 0

930 524 0

930 524 0

915 526 0

102 527 0

864 530 0

267 534 0

508 535 0

872 537 0

64 540 0

378 542 0

997 546 0

372 550 0

881 550 0

339 556 0

855 556 0

855 556 0

791 596 0

871 596 0

871 596 0

826 617 0

240 654 0

787 657 0

816 660 0

452 685 0

452 685 0

447 693 0

340 9 0

151 21 0

284 34 0

352 46 0

599 62 0

177 65 0

469 69 0

191 74 0

166 77 0

224 84 0

224 84 0

207 88 0

148 94 0

218 96 0

102 100 0

114 106 0

615 111 0

222 127 0

876 130 0

844 136 0

475 147 0

179 147 0

763 153 0

176 158 0

176 158 0

676 163 0

891 166 0

891 166 0

903 173 0

23 178 0

633 183 0

783 189 0

233 194 0

506 194 0

904 203 0

232 214 0

856 219 0

437 225 0

896 230 0

847 234 0

847 234 0

818 239 0

712 240 0

712 240 0

772 246 0

442 260 0

664 263 0

852 284 0

453 297 0

219 301 0

232 300 0

420 301 0

420 301 0

981 303 0

981 303 0

639 306 0

667 306 0

667 306 0

474 311 0

853 310 0

283 314 0

778 317 0

618 328 0

912 328 0

242 329 0

822 340 0

822 340 0

970 343 0

811 345 0

428 351 0

822 352 0

424 361 0

908 369 0

579 373 0

936 372 0

282 375 0

415 378 0

515 381 0

102 385 0

102 385 0

136 385 0

269 386 0

389 386 0

117 391 0

539 392 0

450 398 0

363 400 0

420 401 0

929 401 0

515 403 0

380 408 0

411 413 0

411 413 0

150 416 0

808 423 0

837 422 0

837 422 0

123 423 0

410 424 0

969 425 0

134 433 0

134 433 0

468 435 0

502 433 0

455 437 0

185 438 0

955 439 0

847 442 0

508 445 0

508 445 0

261 448 0

893 455 0

322 457 0

464 456 0

267 458 0

640 458 0

215 460 0

92 465 0

943 467 0

79 470 0

256 470 0

816 479 0

127 487 0

929 487 0

562 488 0

118 493 0

320 494 0

556 498 0

638 498 0

865 503 0

854 507 0

854 507 0

843 509 0

515 511 0

477 515 0

546 516 0

87 517 0

98 518 0

272 521 0

272 521 0

906 521 0

551 525 0

666 524 0

66 528 0

66 528 0

915 526 0

461 539 0

890 541 0

312 548 0

312 548 0

846 549 0

363 554 0

363 554 0

340 556 0

855 556 0

855 556 0

526 558 0

526 558 0

796 558 0

872 559 0

872 559 0

536 563 0

355 563 0

295 589 0

773 591 0

832 597 0

365 604 0

711 621 0

184 637 0

132 639 0

283 660 0

312 665 0

414 679 0

489 680 0

513 684 0

425 689 0

491 691 0

392 9 0

638 11 0

303 34 0

209 44 0

302 47 0

632 57 0

200 60 0

893 65 0

579 83 0

177 104 0

177 104 0

590 125 0

178 126 0

573 130 0

211 136 0

864 142 0

624 146 0

732 150 0

732 150 0

783 150 0

783 150 0

811 150 0

902 157 0

876 157 0

702 161 0

774 167 0

644 170 0

865 171 0

865 171 0

734 175 0

734 175 0

202 181 0

879 181 0

892 191 0

892 191 0

737 200 0

737 200 0

221 202 0

843 204 0

782 206 0

782 206 0

421 214 0

974 224 0

223 226 0

672 235 0

672 235 0

623 238 0

937 240 0

661 245 0

635 250 0

651 258 0

675 259 0

675 259 0

442 261 0

626 275 0

900 277 0

165 288 0

669 288 0

669 288 0

604 289 0

640 290 0

745 291 0

745 291 0

989 289 0

281 297 0

654 298 0

628 301 0

680 302 0

577 305 0

799 305 0

903 308 0

662 320 0

662 320 0

646 324 0

681 326 0

749 328 0

749 328 0

135 332 0

135 332 0

930 339 0

748 347 0

945 346 0

458 349 0

458 349 0

606 357 0

854 362 0

590 364 0

620 363 0

693 371 0

311 384 0

816 383 0

373 385 0

63 388 0

87 390 0

641 390 0

641 390 0

904 398 0

904 398 0

989 399 0

989 399 0

289 409 0

289 409 0

672 410 0

78 413 0

937 414 0

228 416 0

228 416 0

851 416 0

346 418 0

869 420 0

953 421 0

792 428 0

240 430 0

316 432 0

100 433 0

100 433 0

296 441 0

315 446 0

497 453 0

840 455 0

247 458 0

323 457 0

782 462 0

184 464 0

593 469 0

593 469 0

486 470 0

322 472 0

113 475 0

883 474 0

140 479 0

265 480 0

290 484 0

84 488 0

382 494 0

106 499 0

119 493 0

136 498 0

906 505 0

266 506 0

464 509 0

576 509 0

576 509 0

285 513 0

477 515 0

531 513 0

531 513 0

808 512 0

920 512 0

238 515 0

313 518 0

34 520 0

529 529 0

894 528 0

894 528 0

303 533 0

776 538 0

523 544 0

790 547 0

790 547 0

268 550 0

967 551 0

490 554 0

325 566 0

480 567 0

962 566 0

258 577 0

811 591 0

805 604 0

825 605 0

778 617 0

778 617 0

746 622 0

746 622 0

846 634 0

199 636 0

802 660 0

199 14 0

242 18 0

959 24 0

977 27 0

342 33 0

245 51 0

226 54 0

619 67 0

19 109 0

594 110 0

490 116 0

882 116 0

882 116 0

968 121 0

704 132 0

547 137 0

771 135 0

510 146 0

886 145 0

689 149 0

836 152 0

564 155 0

852 159 0

632 159 0

607 163 0

830 175 0

185 177 0

617 178 0

246 181 0

598 186 0

267 194 0

906 199 0

133 200 0

872 209 0

771 220 0

587 223 0

910 229 0

831 230 0

177 231 0

647 233 0

687 243 0

117 264 0

117 264 0

241 263 0

287 269 0

465 272 0

835 270 0

465 272 0

652 276 0

652 276 0

199 278 0

450 281 0

183 286 0

692 287 0

777 288 0

256 292 0

319 294 0

468 295 0

436 299 0

436 299 0

436 299 0

31 302 0

594 306 0

681 306 0

334 309 0

334 309 0

334 309 0

18 319 0

630 320 0

630 320 0

371 325 0

256 328 0

985 339 0

985 339 0

619 347 0

676 353 0

281 355 0

948 361 0

948 361 0

139 366 0

139 366 0

473 366 0

102 368 0

244 369 0

263 373 0

635 373 0

529 383 0

888 387 0

148 392 0

148 392 0

197 394 0

197 394 0

808 400 0

111 406 0

825 410 0

93 412 0

988 415 0

988 415 0

447 423 0

211 426 0

295 426 0

588 431 0

862 436 0

403 444 0

125 452 0

583 452 0

360 454 0

107 456 0

326 458 0

196 474 0

346 479 0

866 477 0

866 477 0

545 486 0

236 488 0

891 494 0

891 494 0

37 497 0

303 501 0

652 504 0

652 504 0

480 508 0

787 519 0

787 519 0

953 522 0

802 529 0

284 537 0

906 542 0

982 543 0

287 556 0

233 557 0

203 560 0

506 565 0

575 605 0

765 603 0

722 633 0

700 650 0

369 661 0

416 665 0

166 23 0

959 23 0

405 37 0

982 102 0

841 104 0

763 117 0

896 130 0

797 134 0

420 151 0

141 164 0

581 168 0

247 181 0

520 182 0

520 182 0

701 184 0

852 190 0

438 198 0

600 204 0

433 238 0

86 243 0

531 244 0

266 253 0

776 254 0

347 261 0

347 261 0

491 276 0

450 280 0

917 288 0

350 291 0

185 327 0

895 345 0

204 347 0

495 349 0

676 352 0

339 360 0

565 362 0

816 363 0

162 375 0

675 377 0

675 377 0

842 376 0

842 376 0

956 382 0

859 393 0

421 394 0

510 425 0

916 430 0

28 446 0

380 455 0

300 463 0

843 478 0

559 485 0

554 508 0

105 512 0

335 513 0

596 519 0

596 519 0

432 532 0

432 532 0

491 531 0

842 532 0

842 532 0

393 536 0

345 539 0

232 557 0

844 616 0

368 661 0

417 664 0

643 72 0

804 109 0

674 131 0

447 165 0

160 182 0

43 214 0

281 229 0

412 253 0

916 259 0

146 267 0

785 307 0

819 311 0

819 311 0

419 324 0

458 323 0

354 334 0

646 353 0

617 413 0

890 424 0

431 436 0

486 438 0

228 464 0

228 464 0

418 475 0

418 475 0

445 475 0

981 482 0

405 510 0

370 516 0

885 516 0

885 516 0

213 537 0

766 81 0

730 89 0

115 93 0

693 96 0

730 127 0

350 169 0

687 182 0

712 220 0

715 261 0

539 267 0

539 267 0

715 309 0

176 371 0

176 371 0

453 383 0

244 389 0

201 435 0

670 480 0

707 494 0

214 500 0

620 503 0

620 503 0

976 518 0

683 518 0

557 528 0

557 528 0

483 588 0

876 64 0

956 156 0

814 210 0

342 280 0

385 304 0

385 304 0

932 347 0

388 356 0

388 356 0

177 371 0

381 416 0

649 424 0

809 451 0

576 485 0

576 485 0

68 528 0

480 587 0

374 237 0

656 373 0

331 386 0

331 386 0

693 431 0

539 439 0

282 454 0

282 454 0

938 478 0

509 485 0

265 69 0

575 205 0

824 434 0

1 544 0

265 75 0

205 226 0

236 367 0

715 448 0

419 94 0

670 269 0

856 274 0

204 145 0

345 222 0

210 466 0

578 478 0

754 260 0

754 260 0

