223 414 1,11 0,708 0,774120041648379

105 513 1,05 5,971 0,757796938991083

863 188 1,28 6,059 0

487 350 1,35 3,286 0

122 441 1,24 3,223 0,924856211764548

993 492 1,2 3,817 0,790794628201235

130 493 1,25 2,513 0

993 510 1,44 2,587 0

778 178 1,56 3,755 0

434 375 1,45 5,393 0

234 423 1,48 4,432 0

415 438 1,67 2,464 0

125 486 1,75 2,26 0

993 487 1,51 3,728 0

124 516 1,64 0,098 0

990 516 1,76 2,641 0

993 553 1,67 0,085 0

244 5 2,08 0,598 0

795 156 2,09 5,734 0

604 178 1,97 4,912 0

775 194 2,21 0,097 0

606 202 1,87 0,599 0

606 202 1,87 2,728 0

607 215 2,01 3,081 0

653 322 1,89 5,559 0

645 336 2,25 5,027 0

835 349 1,87 5,171 0

928 351 2,17 1,225 0

928 351 2,17 4,563 0

488 384 1,97 2,924 0

407 385 1,82 4,562 0

996 394 1,88 1,677 0

973 397 1,86 1,074 0

231 411 1,85 1,376 0

658 419 1,98 5,918 0

829 425 2,02 0,057 0

809 432 2,24 0,393 0

131 435 2,24 5,676 0

888 445 2,17 5,178 0

423 446 2,07 2,145 0

894 448 2,13 2,1 0

894 448 2,13 4,847 0

883 449 2,15 5,691 0

902 449 2,25 3,436 0

866 456 2,13 2,888 0

866 456 2,13 5,971 0

260 462 2,17 0,287 0

833 467 2,23 2,061 0

230 482 1,79 4,644 0

558 485 2,02 0,307 0

125 487 1,6 2,243 0

420 497 2,07 4,417 0

839 500 1,82 2,064 0

414 502 2,06 4,598 0

414 502 2,06 5,553 0

695 506 2,1 5,785 0

903 515 2,34 1,585 0

900 521 1,96 6,205 0

881 539 2,09 2,787 0

283 555 2,02 0,632 0

283 555 2,02 2,37 0

253 8 2,72 1,251 0

942 20 2,43 2,154 0

227 25 2,67 3,064 0

278 46 2,81 4,991 0

584 56 2,38 1,562 0

846 61 2,7 1,461 0

237 69 2,81 4,375 0

130 82 2,77 4,528 0

117 91 2,55 4,518 0

696 91 2,76 1,431 0

636 109 2,55 1,201 0

9 116 2,57 4,202 0

724 134 2,57 1,558 0

857 136 2,84 4,686 0

731 139 2,51 4,088 0

828 142 2,34 4,504 0

772 156 2,49 0,035 0

772 156 2,49 2,865 0

757 160 2,66 2,937 0

878 170 2,4 4,229 0

848 175 2,65 1,568 0

848 175 2,65 4,496 0

787 176 2,69 0,974 0

787 176 2,69 3,495 0

792 182 2,75 0,906 0

610 184 2,29 2,955 0

536 192 2,82 2,979 0

457 200 2,77 2,488 0

683 204 2,87 1,479 0

623 206 2,44 0,95 0

802 209 2,6 0,203 0

859 210 2,82 1,579 0

589 211 2,58 0,927 0

589 211 2,58 5,127 0

856 218 2,69 2,409 0

684 219 2,45 2,509 0

803 224 2,72 6,178 0

791 227 2,44 0,194 0

577 228 2,79 2,966 0

685 231 2,64 2,988 0

610 231 2,58 0,092 0

858 238 2,4 0,139 0

858 238 2,4 3,037 0

792 242 2,43 6,176 0

804 242 2,46 0,025 0

785 244 2,59 6,134 0

705 245 2,48 1,438 0

696 246 2,43 1,145 0

611 247 2,77 0,11 0

799 247 2,32 6,198 0

860 248 2,54 6,28 0

765 249 2,71 3,007 0

805 251 2,31 6,193 0

860 260 2,7 6,155 0

552 267 2,65 3,227 0

806 268 2,65 6,276 0

813 275 2,48 3,872 0

813 275 2,48 5,391 0

782 277 2,29 0,028 0

801 278 2,4 5,997 0

862 278 2,59 6,176 0

807 281 2,35 6,139 0

794 282 2,84 6,147 0

615 284 2,9 6,169 0

802 286 2,34 6,213 0

788 289 2,31 6,212 0

769 291 2,6 3 0

597 294 2,41 0,612 0

597 294 2,41 5,318 0

809 298 2,69 5,689 0

791 319 2,27 0,568 0

798 320 2,57 0,617 0

725 323 2,42 4,39 0

904 324 2,67 3,344 0

643 327 2,52 3,915 0

697 327 2,42 5,632 0

667 331 2,49 4,305 0

720 331 2,38 4,498 0

655 332 2,49 5,347 0

703 333 2,55 4,854 0

811 337 2,48 4,492 0

379 340 2,41 5,357 0

379 340 2,41 5,776 0

605 340 2,78 5,922 0

918 340 2,48 3,754 0

654 341 2,81 5,093 0

833 342 2,65 5,945 0

444 348 2,35 0,07 0

481 349 2,75 3,174 0

665 349 2,51 5,623 0

474 353 2,61 3,009 0

848 353 2,7 4,994 0

381 354 2,62 5,944 0

880 355 2,67 4,795 0

880 355 2,67 5,904 0

834 356 2,45 4,573 0

901 361 2,22 3,511 0

830 363 2,61 2,917 0

894 364 2,62 3,473 0

894 364 2,62 5,013 0

887 368 2,75 1,678 0

887 368 2,75 4,8 0

915 368 2,43 2,824 0

211 369 2,85 1,876 0

211 369 2,85 4,4 0

437 369 2,75 0,352 0

437 369 2,75 3,45 0

485 369 2,43 3,174 0

439 381 2,62 3,734 0

613 381 2,68 4,79 0

828 390 2,41 2,13 0

403 391 2,5 4,556 0

403 391 2,5 6,088 0

985 393 2,39 1,521 0

843 394 2,6 0,116 0

132 399 2,69 4,257 0

668 399 2,65 1,051 0

823 401 2,52 3,882 0

955 402 2,51 1,117 0

973 403 2,7 0,933 0

973 403 2,7 4,781 0

357 409 2,25 4,084 0

922 411 2,45 2,731 0

968 411 2,53 3,722 0

968 411 2,53 4,613 0

313 413 2,85 6,111 0

413 422 2,51 4,746 0

474 424 2,58 0,2 0

907 424 2,26 3,454 0

849 428 2,21 2,577 0

235 429 2,2 3,598 0

941 432 2,62 3,997 0

842 435 2,65 1,28 0

905 437 2,61 3,357 0

422 439 2,47 2,395 0

814 438 2,56 4,758 0

879 441 2,56 5,349 0

229 442 2,81 1,265 0

818 445 2,62 4,453 0

876 448 2,53 2,059 0

876 448 2,53 6,225 0

914 448 2,51 2,717 0

421 452 2,47 1,512 0

104 454 2,83 0,48 0

634 458 2,77 1,416 0

605 462 2,66 3,759 0

605 462 2,66 5,579 0

561 464 2,4 6,086 0

362 471 2,55 1,414 0

362 471 2,55 5,529 0

815 471 2,29 0,709 0

559 472 2,63 0,642 0

566 474 2,57 0,67 0

308 485 2,77 2,187 0

831 486 2,48 0,527 0

338 487 2,4 2,76 0

946 487 2,59 0,479 0

946 487 2,59 2,745 0

689 491 2,38 6,045 0

274 491 2,83 1,009 0

75 493 2,56 3,985 0

797 494 2,69 2,905 0

844 496 2,41 5,388 0

435 497 2,35 3,357 0

916 499 2,25 0,604 0

542 499 2,74 5,185 0

289 500 2,74 3,958 0

516 502 2,61 2,365 0

921 503 2,77 0,648 0

420 506 2,75 4,521 0

837 506 2,38 4,781 0

794 507 2,73 1,031 0

794 507 2,73 3,027 0

111 510 2,43 1,566 0

111 510 2,43 3,521 0

111 510 2,43 5,472 0

390 513 2,74 3,475 0

390 513 2,74 5,929 0

818 512 2,32 0,27 0

493 515 2,74 1,079 0

653 515 2,59 4,792 0

268 517 2,7 6,094 0

798 517 2,43 3,509 0

879 518 2,57 2,465 0

499 521 2,75 1,885 0

872 523 2,66 2,487 0

461 526 2,73 0,061 0

857 526 2,65 6,206 0

881 533 2,73 2,608 0

372 534 2,88 0,687 0

372 534 2,88 1,282 0

914 539 2,75 0,352 0

545 541 2,41 2,257 0

997 546 2,83 0,229 0

870 547 2,5 1,063 0

394 552 2,59 5,028 0

468 556 2,76 5,766 0

549 557 2,66 2,766 0

846 557 2,2 4,396 0

880 566 2,58 3,113 0

874 570 2,67 3,237 0

872 580 2,43 3,479 0

792 597 2,59 1,801 0

799 598 2,26 1,689 0

789 658 2,51 1,339 0

817 661 2,65 1,704 0

357 678 2,51 1,539 0

377 681 2,68 1,815 0

377 681 2,68 4,853 0

391 684 2,79 4,828 0

570 691 2,64 2,408 0

564 695 2,51 2,401 0

345 12 3,56 4,443 0

482 12 3,04 1,069 0

441 14 3,15 4,284 0

336 31 3,01 1,295 0

269 45 3,27 1,761 0

269 45 3,27 5,45 0

585 64 3,01 4,775 0

810 67 2,88 1,384 0

859 72 3,4 1,303 0

859 72 3,4 4,643 0

159 76 3,48 4,231 0

767 77 2,97 1,461 0

146 79 3,13 4,457 0

204 83 3,08 4,408 0

198 93 2,88 4,499 0

103 95 3,37 4,508 0

152 97 3,48 4,54 0

109 103 3,5 4,266 0

628 105 3,02 0,076 0

107 113 3,45 4,339 0

216 128 3,23 6,035 0

740 133 3,15 1,105 0

24 137 3,45 4,598 0

853 146 3,22 1,34 0

853 146 3,22 4,362 0

866 160 2,89 6,224 0

182 161 3,42 2,115 0

182 161 3,42 4,262 0

471 161 3,52 4,356 0

802 163 2,91 0,017 0

665 167 2,92 4,195 0

843 168 3,07 3,459 0

212 171 2,97 1,578 0

165 172 3,23 1,702 0

765 179 3,05 2,918 0

46 181 3,51 4,621 0

774 185 3 3,586 0

774 185 3 5,557 0

814 188 3,6 1,394 0

760 189 3,03 3,044 0

768 194 3,23 3,056 0

510 197 3,05 6,002 0

703 201 2,92 1,697 0

775 202 3,05 0,504 0

486 202 3,24 0,205 0

486 202 3,24 2,463 0

486 202 3,24 3,295 0

612 207 2,88 2,436 0

695 208 3,24 1,767 0

903 207 3,55 2,892 0

652 210 3,48 1,449 0

630 214 3,54 0,812 0

619 214 2,89 1,038 0

676 214 3,09 1,557 0

888 215 2,84 2,817 0

897 216 3,05 2,85 0

785 221 3,02 0,006 0

626 223 3,03 1,024 0

634 228 2,94 0,279 0

771 229 2,96 2,854 0

897 231 3,49 2,884 0

811 233 3,32 0,886 0

811 233 3,32 5,157 0

798 234 2,95 0,1 0

663 236 3,26 6,258 0

778 237 2,95 0,872 0

778 237 2,95 5,168 0

765 238 3,01 2,981 0

865 239 2,98 0,169 0

880 238 3,17 2,874 0

636 240 3,11 6,219 0

713 243 3,51 1,688 0

713 243 3,51 4,179 0

889 243 3,36 2,884 0

773 246 3,15 3,124 0

458 249 2,92 2,684 0

883 253 3,41 2,929 0

973 259 2,9 4,61 0

688 260 2,95 2,893 0

568 265 3,31 2,979 0

614 264 3,14 6,094 0

200 265 2,95 1,9 0

200 265 2,95 4,227 0

890 267 3,29 3,122 0

775 269 3,36 2,942 0

615 274 3,6 6,227 0

503 274 3,23 6,16 0

869 276 3,22 6,194 0

769 279 2,99 3,163 0

553 286 3,51 4,586 0

776 287 3,36 3,154 0

892 289 2,9 2,931 0

217 291 3,36 5,982 0

863 291 2,85 6,241 0

447 292 3,41 1,777 0

795 295 3,21 6,085 0

871 297 3,09 6,209 0

618 300 3,34 6,17 0

886 301 3,11 3,299 0

345 302 3,4 1,794 0

895 306 2,89 3,335 0

640 308 2,97 3,06 0

449 309 3,47 4,306 0

353 310 3,27 1,465 0

353 310 3,27 4,62 0

247 311 3,61 6,179 0

324 312 3,15 1,444 0

324 312 3,15 4,675 0

873 313 3,04 5,466 0

887 314 3,17 4,526 0

287 315 3,37 0,062 0

810 316 3,06 0,297 0

347 319 3,19 4,066 0

779 320 3,32 2,862 0

238 322 3,32 5,02 0

783 331 3,19 1,277 0

818 331 2,97 4,635 0

619 331 3,43 5,873 0

947 332 3,25 4,477 0

971 334 3,48 0,214 0

478 335 3,11 0,149 0

824 342 3,54 2,182 0

824 342 3,54 4,968 0

824 342 3,54 5,608 0

265 343 3,42 4,697 0

812 345 3,26 2,368 0

375 347 3,03 0,345 0

249 350 3,5 5,962 0

631 351 3,25 3,69 0

259 353 3,24 6,026 0

824 353 3,52 2,001 0

866 353 2,85 1,566 0

866 353 2,85 4,525 0

487 355 3,14 3,044 0

242 358 3,08 4,315 0

452 359 3,65 5,259 0

462 365 3,19 5,403 0

633 365 3,07 3,547 0

908 367 3,43 2,811 0

123 376 2,91 2,677 0

123 376 2,91 5,299 0

624 378 3,33 4,185 0

117 382 3,07 2,36 0

428 382 2,95 4,476 0

276 386 3,19 4,754 0

122 393 3,54 4,556 0

279 394 3,19 0,521 0

441 400 3,55 1,514 0

454 401 3,42 1,823 0

838 401 3,04 5,788 0

615 402 3,01 0,815 0

425 405 3,33 1,399 0

322 409 2,98 6,056 0

383 409 3,21 2,994 0

383 409 3,21 4,519 0

958 409 2,97 1,043 0

958 409 2,97 5,328 0

258 413 3,14 1,139 0

452 418 2,95 4,744 0

433 419 3,03 4,451 0

164 423 3,17 3,752 0

413 424 3,09 4,84 0

806 425 3,07 3,769 0

92 426 3,01 5,037 0

129 426 3,42 1,937 0

969 426 3,09 0,532 0

969 426 3,09 2,253 0

969 426 3,09 4,026 0

821 429 3,33 0,952 0

821 429 3,33 4,423 0

302 434 2,99 1,612 0

139 434 3,11 3,607 0

830 435 3,21 0,889 0

830 435 3,21 5,339 0

516 439 3,05 2,025 0

220 440 2,94 1,272 0

259 441 3,11 1,208 0

212 442 2,88 6,035 0

835 442 3,03 4,974 0

509 446 3,42 1,875 0

509 446 3,42 4,844 0

520 448 3,28 2,256 0

520 448 3,28 4,412 0

221 449 3,15 5,955 0

462 449 3,33 0,513 0

462 449 3,33 4,575 0

786 449 3,12 3,19 0

444 451 3,01 1,106 0

444 451 3,01 3,263 0

946 455 3,51 5,484 0

467 456 3,47 0,463 0

515 455 3,01 4,602 0

859 456 3,1 2,735 0

859 456 3,1 5,492 0

894 456 3,55 3,704 0

894 456 3,55 5,412 0

644 458 3,34 1,737 0

886 460 2,97 2,264 0

568 462 3,03 0,552 0

332 466 3,06 2,216 0

821 466 2,9 0,89 0

352 467 3 1,672 0

352 467 3 5,429 0

896 469 3,39 3,038 0

268 470 3,01 2,672 0

268 470 3,01 3,862 0

256 473 3 4,356 0

827 474 2,96 0,418 0

360 478 3 0,361 0

607 478 3,13 3,526 0

818 479 3,43 0,87 0

895 480 2,86 2,966 0

74 485 2,89 1,089 0

324 485 3,32 1,674 0

361 488 3,13 0,414 0

929 488 3,55 1,298 0

565 489 3,12 5,135 0

228 490 3,09 4,355 0

285 492 3 5,565 0

806 492 3 2,973 0

574 495 2,93 3,86 0

789 495 3,26 3,323 0

354 496 3,35 5,784 0

14 499 3,54 3,305 0

277 500 2,95 2,246 0

560 499 3,09 5,095 0

827 499 3,29 0,003 0

665 500 3,41 2,573 0

105 503 3,39 3,592 0

77 504 3,55 3,29 0

358 507 2,94 4,012 0

845 507 3,15 3,453 0

15 509 3,36 3,644 0

753 511 3,16 4,524 0

829 513 3,12 4,469 0

810 514 3,14 3,42 0

763 516 3,08 4,568 0

862 517 3,16 5,12 0

275 523 3,36 3,387 0

275 523 3,36 5,984 0

516 523 3,26 1,752 0

907 524 3,29 3,87 0

907 524 3,29 6,057 0

297 525 3,35 1,257 0

915 528 3,38 3,887 0

107 528 2,98 1,505 0

865 531 2,96 1,292 0

270 535 3,35 2,142 0

510 536 3,34 3,482 0

874 537 3,16 2,593 0

865 540 3,22 1,262 0

381 542 2,95 5,906 0

88 548 3,6 1,657 0

376 550 3,18 6,252 0

848 550 3,28 1,602 0

882 551 3,02 2,543 0

518 553 2,86 2,487 0

518 553 2,86 4,863 0

332 557 3,11 0,671 0

342 557 3,27 1,797 0

796 557 2,85 4,118 0

856 557 3,21 1,542 0

856 557 3,21 3,792 0

874 557 3,13 0,811 0

874 557 3,13 2,736 0

965 565 3,35 5,424 0

294 590 3,44 1,647 0

979 590 3,06 5,039 0

795 613 3,08 4,744 0

828 618 3 2,166 0

866 619 3,08 1,162 0

712 622 3,3 1,294 0

712 622 3,3 4,149 0

188 637 3,34 1,821 0

138 639 3,42 1,704 0

224 642 3,15 1,759 0

283 651 3,46 1,704 0

244 654 3,15 1,577 0

316 665 3,56 1,64 0

396 668 3,38 1,697 0

368 673 3,18 1,79 0

387 675 3,52 1,598 0

454 677 3 1,802 0

418 680 3,59 1,666 0

455 686 3,3 1,849 0

455 686 3,3 4,697 0

413 688 2,91 1,612 0

413 688 2,91 4,845 0

470 688 2,88 2,039 0

470 688 2,88 4,617 0

428 18 3,78 4,308 0

650 22 3,66 0,037 0

156 25 3,74 2,872 0

288 38 3,81 4,757 0

215 46 4,2 4,38 0

635 62 3,62 3,352 0

635 62 3,62 5,261 0

602 65 3,85 2,397 0

181 69 4,32 4,531 0

895 68 4,31 3,179 0

472 73 4,19 1,521 0

170 80 3,87 4,377 0

154 87 3,62 4,289 0

227 87 4,09 2,235 0

227 87 4,09 4,091 0

211 91 3,92 4,21 0

222 98 3,92 2,418 0

182 108 4,23 3,353 0

182 108 4,23 5,727 0

118 110 4,29 4,181 0

214 109 3,63 5,727 0

20 112 4,45 4,371 0

617 114 4,06 3,131 0

898 117 4,5 3,244 0

226 129 3,84 6,059 0

876 133 3,84 4,294 0

845 138 3,68 4,329 0

216 140 4,45 5,986 0

865 144 4,43 4,786 0

799 148 3,84 5,585 0

185 150 4,28 2,271 0

478 150 4,11 4,582 0

678 166 3,93 4,537 0

892 168 4 3,042 0

892 168 4 5,913 0

118 172 3,91 1,452 0

902 178 3,95 2,919 0

803 180 4,39 0,452 0

29 181 3,65 4,81 0

635 186 3,76 0,103 0

785 192 3,97 1,319 0

904 195 4,48 2,955 0

237 196 4,25 5,752 0

636 202 4,11 0,273 0

904 207 3,9 2,878 0

470 208 4,18 2,522 0

359 210 3,97 1,353 0

236 217 3,9 6,197 0

819 222 4,4 3,231 0

440 228 3,96 2,26 0

848 236 4,21 0,349 0

848 236 4,21 2,32 0

674 238 4,41 6,204 0

713 243 3,5 1,764 0

713 243 3,5 4,124 0

937 242 4,27 1,868 0

579 255 3,7 2,886 0

654 259 4,15 0,157 0

654 259 4,15 3,018 0

444 261 3,91 5,321 0

850 261 4,83 6,08 0

665 265 4,12 6,194 0

820 264 4,38 3,292 0

616 274 3,66 6,197 0

559 276 3,99 4,238 0

900 278 4,31 3,011 0

822 283 3,92 2,995 0

853 285 4,45 6,191 0

428 292 4,3 0,212 0

428 292 4,3 1,134 0

7 295 4,1 1,411 0

456 299 3,6 4,628 0

236 303 4,17 5,983 0

982 305 3,65 2,061 0

982 305 3,65 4,064 0

801 307 4,57 5,657 0

669 308 3,75 0,376 0

669 308 3,75 1,98 0

450 310 4,02 4,111 0

903 310 4,01 3,214 0

477 313 4,15 5,955 0

855 313 4,3 5,474 0

826 315 3,89 3,749 0

826 315 3,89 4,6 0

348 320 3,98 4,076 0

620 331 3,64 5,813 0

913 329 3,89 3,13 0

246 331 4,16 5,968 0

930 341 4,47 3,992 0

812 346 3,79 2,348 0

971 345 3,71 5,804 0

656 350 4,32 5,36 0

913 351 4,16 3,506 0

431 353 3,7 1,19 0

824 353 3,57 2,08 0

427 364 3,9 2,699 0

106 372 4,47 1,501 0

615 372 3,72 4,363 0

693 372 4,23 5,943 0

581 374 4,12 4,36 0

936 374 3,82 2,002 0

287 377 4,02 4,542 0

900 377 3,77 2,673 0

419 379 3,77 3,872 0

471 383 4,04 5,741 0

107 386 4,04 0,543 0

140 387 4,04 3,873 0

393 387 3,78 4,508 0

121 393 3,49 4,446 0

541 394 3,95 3,818 0

921 395 3,82 4,162 0

110 400 3,81 2,977 0

453 400 3,72 1,817 0

486 399 4,18 5,819 0

991 400 4,11 1,623 0

991 400 4,11 4,667 0

367 401 4,21 4,185 0

930 403 4,14 4,058 0

281 405 3,67 0,578 0

425 404 3,6 1,402 0

517 404 3,9 5,05 0

629 410 3,84 3,318 0

674 411 4,37 0,027 0

84 414 4,31 6,18 0

413 415 3,66 1,147 0

155 417 3,63 3,844 0

868 420 4,51 5,709 0

838 423 4,42 0,728 0

838 423 4,42 2,674 0

794 430 4,18 3,793 0

471 436 4,08 0,355 0

504 436 3,99 3,189 0

459 438 3,93 0,795 0

190 439 3,69 2,703 0

190 439 3,69 3,546 0

956 441 3,76 4,051 0

300 442 4,23 5,083 0

115 444 4,26 0,657 0

115 444 4,26 3,082 0

848 443 4,21 2,577 0

848 443 4,21 5,164 0

431 448 4,11 1,929 0

265 450 3,72 3,648 0

651 451 3,61 1,956 0

220 461 3,76 0,204 0

271 459 3,59 3,717 0

98 467 3,92 0,414 0

84 471 3,77 1,885 0

326 473 4,49 2,254 0

489 471 4,62 3,656 0

683 478 4,3 5,989 0

133 488 4,26 2,486 0

929 488 3,58 1,282 0

504 492 3,61 2,407 0

122 493 3,71 2,332 0

324 495 4,07 5,161 0

641 499 3,95 0,449 0

935 498 4,23 1,34 0

77 504 3,59 3,12 0

865 503 4,15 3,198 0

855 508 3,96 3,657 0

855 508 3,96 4,631 0

844 510 4,14 4,065 0

519 512 3,98 1,757 0

921 514 4,41 0,682 0

119 516 4,36 0,154 0

480 516 4,46 0,99 0

91 518 3,69 3,304 0

224 518 3,72 1,378 0

313 519 3,74 1,41 0

60 521 3,55 0,398 0

60 521 3,55 2,739 0

102 519 4,05 3,294 0

275 523 3,47 3,423 0

275 523 3,47 5,759 0

930 524 3,68 4,275 0

668 525 4,42 2,752 0

915 528 3,52 4,175 0

71 529 3,8 2,396 0

71 529 3,8 5,293 0

896 529 4,57 2,169 0

896 529 4,57 5,937 0

114 535 3,82 1,113 0

69 541 3,66 2,175 0

780 540 3,93 0,057 0

11 542 3,95 3,807 0

891 542 3,68 2,28 0

526 546 4,04 2,21 0

791 548 4,02 0,05 0

564 552 4,05 1,133 0

967 552 4,21 5,954 0

366 555 3,98 2,234 0

366 555 3,98 3,371 0

528 558 3,8 3,439 0

528 558 3,8 4,395 0

392 561 4,26 1,528 0

358 564 4,04 2,137 0

538 563 3,98 0,219 0

965 566 3,64 5,485 0

219 574 4,46 1,672 0

775 592 3,66 1,59 0

833 597 3,96 5,342 0

368 605 3,6 1,613 0

726 604 4,22 1,201 0

808 604 4,54 2,172 0

14 619 3,94 1,697 0

933 620 4,53 1,569 0

959 620 3,68 1,564 0

240 645 3,88 1,708 0

284 651 3,58 1,738 0

307 656 3,74 1,703 0

286 660 3,74 1,754 0

492 680 4,3 1,329 0

515 685 4,36 1,789 0

395 12 5,02 4,199 0

948 11 5,7 0,624 0

640 14 4,58 3,115 0

409 22 4,99 4,443 0

387 29 5,54 4,277 0

307 37 4,81 4,769 0

248 55 5,7 4,361 0

204 64 4,88 4,451 0

571 73 5,14 1,505 0

582 87 5,7 1,585 0

198 103 4,83 5,616 0

578 103 5,28 1,362 0

883 120 5,4 1,718 0

883 120 5,4 4,089 0

592 128 5,11 4,37 0

183 129 4,4 3,422 0

575 132 4,53 4,392 0

707 135 5,65 1,468 0

9 141 4,57 4,671 0

734 152 4,79 3,017 0

734 152 4,79 6,171 0

812 151 5,16 3,985 0

839 153 5,54 3,68 0

666 156 5,65 1,387 0

566 158 5,6 3,611 0

877 160 4,71 5,421 0

903 159 4,93 3,049 0

704 164 5,32 6,208 0

776 169 4,65 2,223 0

791 171 5,26 0,398 0

866 173 5,01 0,313 0

866 173 5,01 3,39 0

866 173 5,01 5,789 0

646 173 4,84 4,69 0

736 178 4,79 2,938 0

736 178 4,79 6,26 0

832 178 5,38 3,104 0

619 180 5,61 4,618 0

207 183 5,12 5,833 0

880 184 5,62 0,533 0

892 193 5,13 0,669 0

892 193 5,13 2,911 0

587 199 5,53 0,086 0

738 202 4,83 3,014 0

738 202 4,83 6,152 0

225 205 4,74 5,954 0

845 206 4,9 2,34 0

784 208 5,07 1,164 0

784 208 5,07 5,759 0

425 217 4,84 2,001 0

589 225 5,41 6,152 0

974 227 4,68 1,659 0

228 230 4,56 6,246 0

625 240 5,18 0,248 0

219 243 4,3 6,185 0

663 247 4,92 6,011 0

638 253 5,16 0,05 0

911 256 5,43 3,054 0

244 267 5,23 0,061 0

678 272 5,69 5,226 0

628 277 5,37 6,161 0

468 278 5,04 5,817 0

655 279 5,49 3,568 0

655 279 5,49 5,873 0

85 290 4,64 1,634 0

170 291 5,27 3,841 0

671 290 5,27 0,788 0

671 290 5,27 5,084 0

606 292 4,77 6,1 0

642 292 4,66 5,955 0

746 292 4,7 3,054 0

746 292 4,7 6,118 0

989 292 4,91 2,318 0

286 299 5,12 0,094 0

471 297 5 5,404 0

656 300 4,89 2,672 0

630 302 5,09 6,201 0

682 304 5,48 0,687 0

580 306 4,46 3,092 0

338 311 5,24 2,142 0

338 311 5,24 3,891 0

338 311 5,24 5,26 0

914 316 4,89 3,281 0

664 322 4,83 4,333 0

664 322 4,83 5,25 0

647 325 4,77 5,137 0

374 328 5,27 6,046 0

683 328 5,75 4,523 0

750 330 4,94 2,882 0

750 330 4,94 6,21 0

140 335 4,82 2,708 0

140 335 4,82 5,911 0

946 347 5,05 4,643 0

749 348 5,31 1,598 0

461 351 5,25 1,485 0

892 356 5,41 3,591 0

609 360 4,95 5,87 0

934 362 5,42 2,187 0

855 364 4,83 5,146 0

476 367 5,51 5,655 0

592 366 4,84 4,597 0

250 367 4,89 6,064 0

820 368 5,7 4,018 0

9 371 5,21 1,517 0

532 385 5,54 3,705 0

817 385 5,4 3,968 0

314 386 4,86 5,954 0

377 387 4,92 4,259 0

69 390 5,26 1,777 0

154 390 5,1 5,327 0

894 390 5,24 3,82 0

93 392 4,89 0,84 0

644 392 5,35 1,659 0

644 392 5,35 4,733 0

181 394 5,09 4,745 0

905 400 5,51 2,241 0

905 400 5,51 3,82 0

292 411 4,88 0,8 0

292 411 4,88 5,156 0

852 417 5,27 4,999 0

937 415 4,73 2,894 0

232 418 4,54 1,285 0

232 418 4,54 6,253 0

350 419 4,93 4,096 0

954 422 4,78 2,987 0

244 431 5,11 3,408 0

105 435 5,58 0,728 0

105 435 5,58 4,252 0

986 433 4,71 0,082 0

862 437 5,79 5,571 0

319 447 4,39 4,734 0

500 453 4,51 3,79 0

842 456 5,37 5,186 0

330 459 5,63 2,219 0

330 459 5,63 4,16 0

784 463 5,09 3,224 0

596 470 4,64 2,011 0

596 470 4,64 3,67 0

796 470 5,5 3,138 0

884 475 5,59 5,919 0

469 476 5,48 5,248 0

144 480 5,02 2,37 0

269 481 4,9 1,192 0

294 485 5,01 1,656 0

216 487 5,06 5,286 0

548 487 5,71 0,802 0

90 488 4,79 0,028 0

240 490 5,23 4,156 0

465 491 5,57 5,147 0

386 495 5,18 5,075 0

892 496 5,39 2,969 0

892 496 5,39 5,524 0

111 500 5,18 3,601 0

141 501 5,47 2,727 0

907 506 5,12 0,832 0

154 508 4,78 2,549 0

270 507 4,42 2,317 0

468 510 4,79 2,707 0

579 511 5,3 4,181 0

579 511 5,3 5,598 0

289 514 4,89 3,044 0

533 514 4,78 0,828 0

533 514 4,78 3,671 0

719 522 5,15 4,708 0

141 525 5,04 3,228 0

777 523 3,87 5,939 0

531 530 5,37 2,238 0

46 547 5,61 5,787 0

272 551 5,13 5,604 0

493 554 5,63 5,006 0

328 567 5,11 0,86 0

483 568 5,25 5,288 0

962 584 5,37 5,988 0

813 592 5,29 2,246 0

736 598 4,86 1,269 0

549 602 5,4 1,636 0

825 605 4,98 2,421 0

780 617 5,46 1,686 0

780 617 5,46 4,41 0

750 622 5,05 4,548 0

129 627 4,95 1,78 0

85 628 4,66 1,382 0

85 628 4,66 5,259 0

848 635 5,4 1,676 0

203 637 5,12 1,697 0

803 661 4,75 1,722 0

417 668 5,1 1,706 0

235 1 6,63 0,932 0

235 1 6,63 2,84 0

982 10 6,67 2,993 0

204 18 5,9 0,999 0

246 22 6,66 4,457 0

959 28 6,64 3,377 0

976 28 6,16 3,322 0

346 37 6,98 4,614 0

242 40 5,93 4,333 0

231 57 6,32 4,287 0

752 62 6,64 1,368 0

621 70 6,96 1,792 0

965 78 5,91 3,026 0

841 109 6,95 1,43 0

597 113 5,74 1,603 0

491 121 5,95 1,321 0

968 123 6,4 2,856 0

773 138 6,7 1,346 0

549 140 6,5 4,614 0

512 148 6,76 4,511 0

886 147 6,1 2,591 0

691 152 5,75 1,367 0

718 153 6,96 2,92 0

784 153 5,76 4,693 0

784 153 5,76 5,106 0

853 161 5,94 3,602 0

610 166 6,27 1,114 0

189 180 6,96 3,025 0

250 185 6,43 0,647 0

600 189 5,95 6,28 0

271 196 5,83 6,016 0

137 203 5,93 4,7 0

873 211 6,46 1,33 0

772 223 6,07 2,929 0

832 233 6,03 2,873 0

910 231 6,42 2,915 0

181 233 6,34 2,968 0

649 235 5,96 0,527 0

689 245 5,85 2,61 0

689 245 5,85 3,343 0

979 245 7,2 3,933 0

534 248 7,03 1,384 0

988 263 6,3 3,957 0

292 271 5,81 0,174 0

678 272 5,78 5,069 0

836 271 6,78 3,265 0

91 274 7,02 1,582 0

469 276 5,86 5,758 0

204 280 6,49 3,052 0

453 283 7,27 5,759 0

187 288 6,12 3,039 0

694 289 5,68 0,377 0

538 291 6,65 4,602 0

778 290 5,91 5,98 0

260 294 6,33 6,239 0

322 297 6,73 3,411 0

439 301 5,63 0,782 0

439 301 5,63 4,005 0

439 301 5,63 5,243 0

36 304 5,98 1,673 0

597 308 6,65 6,091 0

682 307 6,1 0,816 0

682 307 6,1 4,518 0

24 321 5,78 1,801 0

632 322 6,26 4,649 0

632 322 6,26 5,84 0

260 331 5,57 5,796 0

986 340 6,71 1,957 0

986 340 6,71 4,968 0

900 343 7,45 3,399 0

678 354 6,93 5,449 0

285 357 6,15 6,058 0

949 363 7 1,969 0

949 363 7 4,709 0

565 364 6,47 4,232 0

144 367 5,75 0,029 0

144 367 5,75 3,938 0

267 375 6,2 5,779 0

214 382 6 3,392 0

687 399 6,72 0,347 0

809 402 6,49 3,587 0

116 408 6,7 3,089 0

826 411 6,08 3,665 0

98 413 6,35 3,09 0

988 416 6,07 0,446 0

988 416 6,07 4,683 0

450 425 6,16 4,559 0

216 427 6,19 0,059 0

298 428 6,1 5,321 0

407 446 6,65 1,046 0

586 453 6,47 0,974 0

129 453 6,04 3,267 0

364 456 6,33 0,421 0

112 458 6,15 3,348 0

332 459 5,92 2,328 0

332 459 5,92 3,944 0

188 465 5,82 0,614 0

201 475 6,3 0,562 0

844 478 6,73 2,548 0

867 478 6,8 2,712 0

867 478 6,8 5,869 0

350 480 6,32 0,007 0

857 493 5,52 2,799 0

526 493 7,02 0,619 0

43 497 5,84 0,59 0

307 501 6,95 3,89 0

14 502 6,93 3,621 0

232 501 6,59 0,636 0

232 501 6,59 4,795 0

654 505 6,25 0,465 0

654 505 6,25 2,616 0

955 524 6,25 0,054 0

803 530 5,88 3,022 0

435 532 7,02 2,99 0

288 538 6,63 1,683 0

560 538 6,84 1,148 0

591 541 6,68 1,287 0

907 544 6,14 1,931 0

983 543 6,24 4,676 0

238 558 7,23 1,795 0

292 557 6,67 1,636 0

509 566 6,43 4,227 0

828 584 6,12 5,82 0

768 604 6,62 1,538 0

724 633 7,11 1,39 0

373 662 7,18 1,694 0

171 27 7,71 1,279 0

408 41 7,65 4,321 0

414 88 8,51 3,216 0

842 108 7,44 1,444 0

982 106 7,25 2,927 0

676 135 8,95 1,378 0

798 138 8,71 1,443 0

423 155 7,82 1,62 0

583 170 7,41 6,233 0

166 186 8,35 3,045 0

522 185 8,52 1,268 0

522 185 8,52 2,963 0

522 185 8,52 6,269 0

853 192 8,3 2,482 0

441 200 7,29 2,303 0

603 207 7,38 0,065 0

435 241 7,2 5,179 0

90 245 7,24 4,798 0

270 256 7,71 6,273 0

350 262 8,83 4,137 0

350 262 8,83 5,903 0

453 282 7,32 5,665 0

494 279 8,18 5,894 0

917 291 8,42 3,046 0

190 330 7,32 3,069 0

324 338 9,03 3 0

895 347 8,64 3,422 0

208 351 8,03 2,987 0

497 351 8,07 2,842 0

344 361 8,36 1,517 0

817 365 7,82 3,893 0

844 377 7,61 0,49 0

844 377 7,61 5,152 0

677 378 8,43 0,249 0

677 378 8,43 5,584 0

956 384 7,65 1,938 0

859 394 8,06 0,431 0

689 401 8,38 0,262 0

330 415 9,08 4,25 0

590 432 7,24 1,065 0

917 431 7,97 3,3 0

488 439 8,88 0,565 0

488 439 8,88 3,742 0

35 447 7,54 4,028 0

205 452 8,34 0,405 0

383 457 8,08 0,576 0

304 465 8,69 5,051 0

233 466 8,67 0,258 0

233 466 8,67 3,591 0

421 478 8,82 3,441 0

421 478 8,82 6,278 0

845 478 6,55 2,519 0

557 509 7,45 5,32 0

110 514 7,86 3,307 0

598 521 7,29 1,389 0

598 521 7,29 3,964 0

493 531 7,9 1,763 0

843 533 7,77 1,744 0

843 533 7,77 4,195 0

396 537 8,14 1,238 0

348 540 8,1 1,384 0

629 591 8,77 1,478 0

846 616 8,68 1,731 0

575 625 9,28 1,661 0

321 651 7,41 1,669 0

372 661 7,53 1,716 0

421 664 7,74 1,683 0

645 75 9,79 1,332 0

236 82 11,29 4,251 0

805 112 9,95 1,467 0

450 168 10,23 2,449 0

48 217 9,79 0,045 0

287 229 9,52 6,226 0

415 255 9,83 3,226 0

916 262 9,22 3,002 0

151 269 10,59 3,091 0

785 309 9,65 5,897 0

820 312 9,57 4,762 0

820 312 9,57 5,682 0

461 325 9,59 1,16 0

461 325 9,59 5,694 0

422 326 9,9 3,083 0

358 336 9,83 6,144 0

648 353 11,01 5,178 0

305 356 9,66 5,847 0

619 415 9,71 3,42 0

890 426 11,36 3,31 0

434 437 9,85 2,109 0

448 477 9,64 3,35 0

982 482 9,35 0,645 0

982 483 9,24 0,621 0

408 511 10,06 5,329 0

338 516 8,91 1,592 0

373 517 9,68 1,395 0

885 516 9,35 4,644 0

977 518 11,43 0,101 0

217 538 10,02 1,597 0

830 562 11,03 1,94 0

768 84 11,96 1,435 0

731 93 12 1,32 0

119 97 12,86 4,398 0

694 99 12,3 1,273 0

416 125 13,65 1,74 0

732 130 12,43 1,394 0

354 172 13,96 1,554 0

689 184 12,32 1,424 0

714 222 12,17 2,861 0

716 263 12,7 2,995 0

541 269 12,7 1,468 0

541 269 12,7 4,499 0

590 271 12,33 6,199 0

716 311 13,32 3,263 0

181 373 13,86 3,13 0

181 373 13,86 4,605 0

456 385 11,71 5,492 0

247 390 14,27 5,746 0

671 480 12,68 5,912 0

709 495 12,95 5,788 0

622 504 12,84 0,807 0

622 504 12,84 3,453 0

685 518 11,7 5,769 0

560 529 14 1,423 0

560 529 14 2,344 0

876 67 15,51 1,664 0

416 117 19,91 1,865 0

956 159 15,87 3,001 0

815 212 16,04 2,145 0

346 282 15 5,87 0

388 305 16,28 3,115 0

388 305 16,28 6,015 0

933 349 17,43 3,403 0

392 358 17,66 3,283 0

392 358 17,66 4,192 0

384 418 17,57 4,316 0

810 452 15,8 3,629 0

579 486 16,75 0,695 0

579 486 16,75 3,432 0

73 530 14,77 1,48 0

484 588 13,88 1,681 0

378 240 21,25 3,486 0

658 375 19,16 5,217 0

335 387 21,92 4,419 0

695 432 19,04 6,128 0

541 440 21,2 3,921 0

285 456 19,03 2,912 0

285 456 19,03 5,115 0

939 479 21,36 0,494 0

512 487 19,62 3,836 0

270 72 28,51 4,432 0

578 209 27,26 0,297 0

824 436 24,96 3,8 0

645 483 31,15 6,008 0

17 547 24,61 1,47 0

269 80 31,73 4,457 0

209 230 31,17 6,148 0

240 369 30,21 5,817 0

717 449 32,2 5,903 0

421 95 40,43 2,068 0

672 271 43,78 5,383 0

857 276 43,64 3,215 0

208 148 50,23 4,438 0

348 224 50,21 5,93 0

215 467 82,5 1,694 0

580 479 79,84 1,59 0

755 263 93,16 1,746 0

755 263 93,16 5,368 0

