782 169 0,98913776597837

465 356 0,926205921160819

895 373 0,843733531713913

947 404 0,963028343248911

953 410 0,96552186049168

240 413 0,816711546052768

305 423 0,974530760455297

129 494 0,897260679177994

130 497 0

129 529 0,977312407222509

794 141 0

794 141 0

466 365 0,70206120558232

397 391 0

975 402 0,905634588196629

862 438 0

417 461 0,734921745334683

988 489 0

64 492 0

61 495 0

989 511 0

898 516 0,808499531684186

982 520 0

982 520 0,863331312751615

981 524 0

111 538 0

6 98 0

747 152 0

857 176 0

732 187 0

732 187 0

750 195 0

785 197 0

602 200 0

710 205 0

633 209 0

603 211 0

603 211 0

752 214 0

711 216 0

857 218 0

604 220 0

604 220 0

685 221 0

822 222 0

880 227 0

685 230 0

708 233 0

713 233 0

694 237 0

686 238 0

849 242 0

687 249 0

711 257 0

851 263 0

757 271 0

685 277 0

741 277 0

741 277 0

758 282 0

834 282 0

834 282 0

717 285 0

651 286 0

708 287 0

830 286 0

970 296 0

831 299 0

687 304 0

832 310 0

828 312 0

799 316 0

480 338 0

835 350 0

911 350 0

897 367 0

465 370 0

815 379 0

912 380 0

485 389 0

987 392 0

978 402 0

995 402 0

232 403 0

833 406 0

231 418 0

307 421 0

810 422 0

414 422 0

414 422 0

933 423 0

225 423 0

862 426 0

867 431 0

868 437 0

907 438 0

413 439 0

791 441 0

117 444 0

895 454 0

375 458 0

791 481 0

121 482 0

986 484 0

127 489 0

52 490 0

419 495 0

986 506 0

380 508 0

123 509 0

253 511 0

982 511 0

785 515 0

77 518 0

73 521 0

981 524 0

789 536 0

857 547 0

987 549 0

294 553 0

294 553 0

471 556 0

492 4 0

492 4 0

927 44 0

927 44 0

580 54 0

816 63 0

837 64 0

770 78 0

758 80 0

719 133 0

435 136 0

823 139 0

746 141 0

799 141 0

791 153 0

867 163 0

600 175 0

781 175 0

781 175 0

774 176 0

749 180 0

778 181 0

770 191 0

814 192 0

785 197 0

807 205 0

684 208 0

816 209 0

603 211 0

603 211 0

698 212 0

902 213 0

902 213 0

852 216 0

852 216 0

702 218 0

676 222 0

792 225 0

853 226 0

853 226 0

616 227 0

704 229 0

676 233 0

682 234 0

793 235 0

805 240 0

841 241 0

612 242 0

794 244 0

854 244 0

674 245 0

674 245 0

714 247 0

714 247 0

649 248 0

612 251 0

850 252 0

632 254 0

632 254 0

195 255 0

683 256 0

628 257 0

824 261 0

644 264 0

782 268 0

684 271 0

711 271 0

825 271 0

716 274 0

707 276 0

685 277 0

813 277 0

973 281 0

712 282 0

646 283 0

872 285 0

872 285 0

642 288 0

642 288 0

826 290 0

593 291 0

593 291 0

810 292 0

810 292 0

695 302 0

709 302 0

828 304 0

719 306 0

971 309 0

860 311 0

648 311 0

648 311 0

688 313 0

696 313 0

785 317 0

648 319 0

669 319 0

973 324 0

692 325 0

662 327 0

349 328 0

651 328 0

625 329 0

640 333 0

806 334 0

376 336 0

376 336 0

413 343 0

440 344 0

871 345 0

795 346 0

795 346 0

829 346 0

855 346 0

921 348 0

841 350 0

841 350 0

378 351 0

634 352 0

150 353 0

649 354 0

649 354 0

915 354 0

624 355 0

445 358 0

889 361 0

889 361 0

642 364 0

908 366 0

431 373 0

539 374 0

425 376 0

425 376 0

912 380 0

403 381 0

484 381 0

410 385 0

387 390 0

979 391 0

406 392 0

428 393 0

969 393 0

135 398 0

135 398 0

818 398 0

966 400 0

966 400 0

353 405 0

506 406 0

660 406 0

917 408 0

837 411 0

110 419 0

901 420 0

956 420 0

824 422 0

233 423 0

941 423 0

303 424 0

843 425 0

411 427 0

935 429 0

129 430 0

230 431 0

247 437 0

247 437 0

780 438 0

874 438 0

822 439 0

822 439 0

447 441 0

883 441 0

419 442 0

877 444 0

896 445 0

896 445 0

908 444 0

326 448 0

504 449 0

397 456 0

257 457 0

279 458 0

279 458 0

556 460 0

853 461 0

369 462 0

827 464 0

827 464 0

359 467 0

359 467 0

810 467 0

543 472 0

73 473 0

437 474 0

367 475 0

920 475 0

920 475 0

120 481 0

335 482 0

549 483 0

940 484 0

940 484 0

940 484 0

75 485 0

68 489 0

829 490 0

416 492 0

846 492 0

846 492 0

591 493 0

591 493 0

685 496 0

833 496 0

410 498 0

410 498 0

802 499 0

386 501 0

691 501 0

840 501 0

782 503 0

454 505 0

408 508 0

408 508 0

500 511 0

897 511 0

466 512 0

791 514 0

71 515 0

452 516 0

872 515 0

894 517 0

464 518 0

808 518 0

302 519 0

798 519 0

78 526 0

796 528 0

374 529 0

374 529 0

813 530 0

522 532 0

537 533 0

569 535 0

789 536 0

533 537 0

304 539 0

465 540 0

852 542 0

303 546 0

303 546 0

993 548 0

993 548 0

280 550 0

280 550 0

475 552 0

294 553 0

840 553 0

868 566 0

862 571 0

862 571 0

866 576 0

857 584 0

862 585 0

798 587 0

466 592 0

548 599 0

869 599 0

556 607 0

810 650 0

782 653 0

809 656 0

498 674 0

349 681 0

373 683 0

393 685 0

348 687 0

348 687 0

560 690 0

484 692 0

346 693 0

936 18 0

224 22 0

118 23 0

347 25 0

940 32 0

224 37 0

277 51 0

830 60 0

842 60 0

581 62 0

848 62 0

848 62 0

805 65 0

763 75 0

750 76 0

983 76 0

138 84 0

178 89 0

692 89 0

583 91 0

212 101 0

653 102 0

73 103 0

625 104 0

625 104 0

625 104 0

61 105 0

631 106 0

631 106 0

6 111 0

215 124 0

735 131 0

853 134 0

727 137 0

794 147 0

803 147 0

866 151 0

767 153 0

216 155 0

688 159 0

797 159 0

191 161 0

660 164 0

873 168 0

682 171 0

843 172 0

843 172 0

792 173 0

869 175 0

848 178 0

787 180 0

895 179 0

769 182 0

906 183 0

830 184 0

532 189 0

474 194 0

454 197 0

613 198 0

770 200 0

618 203 0

874 203 0

608 205 0

608 205 0

692 206 0

797 206 0

585 208 0

585 208 0

614 211 0

460 212 0

883 212 0

913 212 0

913 212 0

804 213 0

792 214 0

680 216 0

798 223 0

786 224 0

573 225 0

630 225 0

779 225 0

821 229 0

821 229 0

859 231 0

853 234 0

632 236 0

874 236 0

859 237 0

575 239 0

799 238 0

787 240 0

910 240 0

910 240 0

780 241 0

959 241 0

692 242 0

692 242 0

702 241 0

607 245 0

925 247 0

806 250 0

860 250 0

886 253 0

886 253 0

788 254 0

967 256 0

795 257 0

855 257 0

609 261 0

782 260 0

198 261 0

198 261 0

548 262 0

465 265 0

801 265 0

871 266 0

338 272 0

808 272 0

808 272 0

808 272 0

777 274 0

856 275 0

802 278 0

634 280 0

722 279 0

789 279 0

223 281 0

695 282 0

695 282 0

797 284 0

515 286 0

878 286 0

887 287 0

887 287 0

699 288 0

804 295 0

852 296 0

991 300 0

991 300 0

859 301 0

635 304 0

874 304 0

874 304 0

792 317 0

829 318 0

775 318 0

720 320 0

899 321 0

638 324 0

715 328 0

698 329 0

614 330 0

474 333 0

766 335 0

601 337 0

649 337 0

729 337 0

729 337 0

912 337 0

827 339 0

807 340 0

654 343 0

477 345 0

660 346 0

233 348 0

483 350 0

860 350 0

860 350 0

875 351 0

875 351 0

902 352 0

828 353 0

239 354 0

239 354 0

642 354 0

895 359 0

459 360 0

825 360 0

208 365 0

208 365 0

433 365 0

481 365 0

882 365 0

882 365 0

818 374 0

436 377 0

607 377 0

126 383 0

114 387 0

114 387 0

399 387 0

399 387 0

822 386 0

822 386 0

838 391 0

129 394 0

911 394 0

544 396 0

664 396 0

832 397 0

989 397 0

989 397 0

481 398 0

610 399 0

949 398 0

949 398 0

966 399 0

966 399 0

372 401 0

460 403 0

381 405 0

952 406 0

961 407 0

311 409 0

429 415 0

469 420 0

801 421 0

963 422 0

963 422 0

454 425 0

404 429 0

136 430 0

300 430 0

836 431 0

899 432 0

419 435 0

809 435 0

809 435 0

217 436 0

512 436 0

209 438 0

227 438 0

787 438 0

813 441 0

516 444 0

516 444 0

781 444 0

870 445 0

423 447 0

926 447 0

416 448 0

103 450 0

511 450 0

853 452 0

472 454 0

629 454 0

640 454 0

796 457 0

905 458 0

600 458 0

600 458 0

327 462 0

816 462 0

349 463 0

349 463 0

440 464 0

266 465 0

266 465 0

929 465 0

555 468 0

346 469 0

562 470 0

993 471 0

549 473 0

85 475 0

335 475 0

247 477 0

282 479 0

796 480 0

796 480 0

305 481 0

826 481 0

8 485 0

560 485 0

653 488 0

684 488 0

799 488 0

268 489 0

792 490 0

570 491 0

12 493 0

839 493 0

839 493 0

431 493 0

431 493 0

538 494 0

910 495 0

285 496 0

285 496 0

512 498 0

119 499 0

416 502 0

831 502 0

355 503 0

788 503 0

788 503 0

807 503 0

807 503 0

108 506 0

737 506 0

749 507 0

768 507 0

387 508 0

812 508 0

822 509 0

832 509 0

489 510 0

648 510 0

265 511 0

265 511 0

757 511 0

804 511 0

804 511 0

928 511 0

521 515 0

495 516 0

933 518 0

347 519 0

867 519 0

232 520 0

900 520 0

900 520 0

457 522 0

851 522 0

468 525 0

369 531 0

868 531 0

875 533 0

901 533 0

901 533 0

901 533 0

424 534 0

542 536 0

907 536 0

990 542 0

864 543 0

382 545 0

541 545 0

875 546 0

390 548 0

514 548 0

514 548 0

131 549 0

464 552 0

546 551 0

546 551 0

790 552 0

882 551 0

869 555 0

993 571 0

871 577 0

973 586 0

857 592 0

785 593 0

794 593 0

556 601 0

973 605 0

823 613 0

879 613 0

854 616 0

707 617 0

707 617 0

716 619 0

298 643 0

222 653 0

343 657 0

270 661 0

328 662 0

336 671 0

336 671 0

353 673 0

448 673 0

373 676 0

373 676 0

389 679 0

350 681 0

465 683 0

465 683 0

565 685 0

458 688 0

405 691 0

431 692 0

387 693 0

547 694 0

250 6 0

359 7 0

479 9 0

342 10 0

342 10 0

181 16 0

645 21 0

629 29 0

926 30 0

286 35 0

286 35 0

901 35 0

341 40 0

265 42 0

265 42 0

114 50 0

632 61 0

632 61 0

408 65 0

408 65 0

478 69 0

854 70 0

854 70 0

157 73 0

144 76 0

201 80 0

150 84 0

196 89 0

101 92 0

150 94 0

219 94 0

107 100 0

87 101 0

212 106 0

104 109 0

181 115 0

890 116 0

98 119 0

223 125 0

22 133 0

706 135 0

840 136 0

892 141 0

848 143 0

848 143 0

760 151 0

179 157 0

467 157 0

838 166 0

210 168 0

123 169 0

164 169 0

654 172 0

43 177 0

761 177 0

26 178 0

895 178 0

631 184 0

755 186 0

808 186 0

459 189 0

763 192 0

507 194 0

567 193 0

871 195 0

698 199 0

482 199 0

482 199 0

482 199 0

678 202 0

898 205 0

648 207 0

854 208 0

626 210 0

765 211 0

765 211 0

673 211 0

892 213 0

874 215 0

780 218 0

621 220 0

899 222 0

766 226 0

891 228 0

806 230 0

806 230 0

793 232 0

658 234 0

773 234 0

773 234 0

760 235 0

708 240 0

708 240 0

883 239 0

768 243 0

549 247 0

704 249 0

575 251 0

877 251 0

440 256 0

651 254 0

862 260 0

563 265 0

634 265 0

770 267 0

864 272 0

556 273 0

878 275 0

764 276 0

549 282 0

771 282 0

515 286 0

459 287 0

459 287 0

442 289 0

427 290 0

790 292 0

865 294 0

613 297 0

342 299 0

881 299 0

578 302 0

975 302 0

975 302 0

889 303 0

444 305 0

429 306 0

244 308 0

285 311 0

881 311 0

805 313 0

906 313 0

343 314 0

328 316 0

235 318 0

939 321 0

813 328 0

940 329 0

439 333 0

50 334 0

624 337 0

819 338 0

819 338 0

819 338 0

262 339 0

371 343 0

652 345 0

898 345 0

246 346 0

626 347 0

256 348 0

406 349 0

818 350 0

450 354 0

670 356 0

213 357 0

842 359 0

628 362 0

902 363 0

820 366 0

610 369 0

610 369 0

930 370 0

121 372 0

204 373 0

204 373 0

619 374 0

905 374 0

114 378 0

468 377 0

105 380 0

95 382 0

274 382 0

434 386 0

121 389 0

953 389 0

276 391 0

437 397 0

450 398 0

422 401 0

852 401 0

319 405 0

890 407 0

255 409 0

408 411 0

408 411 0

152 413 0

297 417 0

161 419 0

218 419 0

91 422 0

127 422 0

816 425 0

816 425 0

466 432 0

825 431 0

825 431 0

187 435 0

498 434 0

255 437 0

891 437 0

949 437 0

391 439 0

830 439 0

505 442 0

505 442 0

219 445 0

262 445 0

406 445 0

458 445 0

458 445 0

183 446 0

441 447 0

441 447 0

367 447 0

608 448 0

464 451 0

940 451 0

888 453 0

268 455 0

782 458 0

564 459 0

789 461 0

936 464 0

96 466 0

113 466 0

240 466 0

890 466 0

82 467 0

253 469 0

822 471 0

822 471 0

358 474 0

358 474 0

603 474 0

813 475 0

536 476 0

35 480 0

321 481 0

358 483 0

922 484 0

108 485 0

225 486 0

198 486 0

118 487 0

282 487 0

500 488 0

783 491 0

352 492 0

555 494 0

273 495 0

821 495 0

659 496 0

75 499 0

13 503 0

60 503 0

60 503 0

83 504 0

904 506 0

904 506 0

89 514 0

856 514 0

856 514 0

993 515 0

773 517 0

272 518 0

272 518 0

386 518 0

513 518 0

842 519 0

294 520 0

294 520 0

924 520 0

16 523 0

105 523 0

909 522 0

859 527 0

361 528 0

267 530 0

822 530 0

475 531 0

505 532 0

9 535 0

9 535 0

460 535 0

859 536 0

378 537 0

521 542 0

372 545 0

842 546 0

338 552 0

851 552 0

851 552 0

328 552 0

514 559 0

959 561 0

790 573 0

770 589 0

447 593 0

364 600 0

556 601 0

913 604 0

789 608 0

10 615 0

952 616 0

118 623 0

26 625 0

94 627 0

185 632 0

136 634 0

161 637 0

221 638 0

236 640 0

280 646 0

240 649 0

283 655 0

773 656 0

312 660 0

393 662 0

382 670 0

413 674 0

437 678 0

437 678 0

410 682 0

488 686 0

315 688 0

448 688 0

635 11 0

154 22 0

637 29 0

637 29 0

304 34 0

285 35 0

285 35 0

214 42 0

751 45 0

751 45 0

262 53 0

284 58 0

598 63 0

179 66 0

890 66 0

468 70 0

167 78 0

225 84 0

225 84 0

209 88 0

412 96 0

193 99 0

179 105 0

116 106 0

18 109 0

613 112 0

414 114 0

223 126 0

570 130 0

870 131 0

6 137 0

215 137 0

860 142 0

653 144 0

474 147 0

673 163 0

886 166 0

886 166 0

528 172 0

528 172 0

566 176 0

798 178 0

779 190 0

234 192 0

898 192 0

631 200 0

222 202 0

466 205 0

898 204 0

272 211 0

233 213 0

281 219 0

814 220 0

225 224 0

437 226 0

87 235 0

87 235 0

843 233 0

843 233 0

814 238 0

932 239 0

548 246 0

264 250 0

440 257 0

553 256 0

661 261 0

661 261 0

815 261 0

476 266 0

740 267 0

740 267 0

556 273 0

895 275 0

816 280 0

848 283 0

82 286 0

215 287 0

457 286 0

6 291 0

222 296 0

283 295 0

356 295 0

849 297 0

462 305 0

462 305 0

664 305 0

664 305 0

446 306 0

898 307 0

473 310 0

849 310 0

821 312 0

821 312 0

244 327 0

371 326 0

907 328 0

138 331 0

138 331 0

283 333 0

923 339 0

54 346 0

427 349 0

427 349 0

818 350 0

659 355 0

979 354 0

424 360 0

224 367 0

688 368 0

576 371 0

284 373 0

502 373 0

502 373 0

894 374 0

415 376 0

514 381 0

94 382 0

310 382 0

138 383 0

151 384 0

390 383 0

847 387 0

537 390 0

200 394 0

200 394 0

107 395 0

363 397 0

437 396 0

279 400 0

513 401 0

924 400 0

924 400 0

625 406 0

670 407 0

82 409 0

931 410 0

931 410 0

347 413 0

229 414 0

862 416 0

832 420 0

832 420 0

441 433 0

455 434 0

927 433 0

113 439 0

296 438 0

842 440 0

315 443 0

427 444 0

375 446 0

647 447 0

647 447 0

207 448 0

495 447 0

823 449 0

790 450 0

888 452 0

316 454 0

218 457 0

268 455 0

906 460 0

96 463 0

114 467 0

322 468 0

322 468 0

485 468 0

679 474 0

113 475 0

812 475 0

214 481 0

993 480 0

99 487 0

130 484 0

99 487 0

321 491 0

928 495 0

860 499 0

267 502 0

60 503 0

60 503 0

849 504 0

849 504 0

701 506 0

514 508 0

838 507 0

528 510 0

528 510 0

915 509 0

476 512 0

545 512 0

100 515 0

221 514 0

57 516 0

57 516 0

772 518 0

663 521 0

68 524 0

68 524 0

67 536 0

775 535 0

103 538 0

885 538 0

85 543 0

786 544 0

786 544 0

559 548 0

961 547 0

363 550 0

363 550 0

524 553 0

524 553 0

388 556 0

534 559 0

355 559 0

990 560 0

518 568 0

753 588 0

827 593 0

722 600 0

803 599 0

926 616 0

167 629 0

303 651 0

283 655 0

488 675 0

511 679 0

604 691 0

392 10 0

392 10 0

942 10 0

203 16 0

970 25 0

383 26 0

304 47 0

246 52 0

202 60 0

591 61 0

578 85 0

936 100 0

574 101 0

594 110 0

878 117 0

878 117 0

588 125 0

180 126 0

705 134 0

501 144 0

181 147 0

729 149 0

729 149 0

779 150 0

779 150 0

806 149 0

834 151 0

661 154 0

562 156 0

872 158 0

699 161 0

771 167 0

642 170 0

861 171 0

861 171 0

614 176 0

731 176 0

731 176 0

827 176 0

205 180 0

874 182 0

643 190 0

268 192 0

519 193 0

519 193 0

134 199 0

210 199 0

839 203 0

779 206 0

779 206 0

422 215 0

586 222 0

968 225 0

669 234 0

669 234 0

621 237 0

990 241 0

658 244 0

633 250 0

702 253 0

904 253 0

673 258 0

673 258 0

241 264 0

624 274 0

650 276 0

650 276 0

667 287 0

667 287 0

689 286 0

168 287 0

602 289 0

637 289 0

741 289 0

741 289 0

984 289 0

70 292 0

467 294 0

652 297 0

436 298 0

436 298 0

436 298 0

626 299 0

677 299 0

796 304 0

335 308 0

335 308 0

335 308 0

678 309 0

659 318 0

659 318 0

627 319 0

680 325 0

256 328 0

745 327 0

745 327 0

74 339 0

745 345 0

940 344 0

458 347 0

355 354 0

673 353 0

886 354 0

605 356 0

928 358 0

849 361 0

472 363 0

587 362 0

142 363 0

142 363 0

247 364 0

7 367 0

528 381 0

373 383 0

811 382 0

67 385 0

888 386 0

91 388 0

639 388 0

639 388 0

178 391 0

681 394 0

899 397 0

899 397 0

62 406 0

289 407 0

289 407 0

984 412 0

847 413 0

241 427 0

103 431 0

103 431 0

316 429 0

856 434 0

836 452 0

326 454 0

326 454 0

591 466 0

591 466 0

790 466 0

878 471 0

465 472 0

142 476 0

266 476 0

291 481 0

88 484 0

544 483 0

462 486 0

237 486 0

383 491 0

886 492 0

886 492 0

108 495 0

139 496 0

153 502 0

900 502 0

464 506 0

574 506 0

574 506 0

286 509 0

714 518 0

950 521 0

527 525 0

889 525 0

889 525 0

304 529 0

839 531 0

918 536 0

901 542 0

901 542 0

269 546 0

489 550 0

479 563 0

325 563 0

807 588 0

545 597 0

820 601 0

854 607 0

774 612 0

774 612 0

127 622 0

841 630 0

201 632 0

321 649 0

798 656 0

369 658 0

414 662 0

243 20 0

953 27 0

343 34 0

239 37 0

227 54 0

749 60 0

617 67 0

1 85 0

836 107 0

488 118 0

764 119 0

963 121 0

463 123 0

545 137 0

768 136 0

509 145 0

881 145 0

687 149 0

714 150 0

832 152 0

847 159 0

630 160 0

606 163 0

580 167 0

317 170 0

187 176 0

247 181 0

699 182 0

596 186 0

437 196 0

598 206 0

867 209 0

904 229 0

179 230 0

566 229 0

826 229 0

645 232 0

88 241 0

88 241 0

684 242 0

973 242 0

531 245 0

119 262 0

119 262 0

831 268 0

89 271 0

289 269 0

201 276 0

185 285 0

984 288 0

534 288 0

257 290 0

319 293 0

35 300 0

592 305 0

678 304 0

21 317 0

986 318 0

981 338 0

981 338 0

616 344 0

283 353 0

561 361 0

942 359 0

942 359 0

264 371 0

631 371 0

162 374 0

212 378 0

295 383 0

986 382 0

569 394 0

804 398 0

114 403 0

96 409 0

821 407 0

984 412 0

447 420 0

295 423 0

586 429 0

403 442 0

126 448 0

582 449 0

361 452 0

110 453 0

328 455 0

198 471 0

839 474 0

862 475 0

862 475 0

347 475 0

852 489 0

522 489 0

40 493 0

229 496 0

229 496 0

304 497 0

649 501 0

649 501 0

989 522 0

989 522 0

797 526 0

432 528 0

285 533 0

556 533 0

587 536 0

976 539 0

289 552 0

235 553 0

505 561 0

763 599 0

719 629 0

693 630 0

169 24 0

973 32 0

404 39 0

411 86 0

978 104 0

793 135 0

419 152 0

232 167 0

579 168 0

187 177 0

518 182 0

518 182 0

518 182 0

165 183 0

848 190 0

431 237 0

530 244 0

267 253 0

772 253 0

347 258 0

347 258 0

908 257 0

450 279 0

490 276 0

912 288 0

351 291 0

187 325 0

321 334 0

117 341 0

117 341 0

890 344 0

205 347 0

493 347 0

341 357 0

811 361 0

165 373 0

672 375 0

672 375 0

839 374 0

839 374 0

950 380 0

950 380 0

854 391 0

684 397 0

616 409 0

586 429 0

911 427 0

484 435 0

484 435 0

33 443 0

380 453 0

302 461 0

962 464 0

230 462 0

230 462 0

418 474 0

418 474 0

553 505 0

336 510 0

489 527 0

837 529 0

837 529 0

392 532 0

345 536 0

613 612 0

840 611 0

693 630 0

643 74 0

801 110 0

671 132 0

446 165 0

386 195 0

46 213 0

711 219 0

284 226 0

412 251 0

148 266 0

780 306 0

815 310 0

815 310 0

457 321 0

419 323 0

355 332 0

301 351 0

885 422 0

430 433 0

373 470 0

444 472 0

977 479 0

588 491 0

218 497 0

404 506 0

370 513 0

879 512 0

215 533 0

824 558 0

482 585 0

764 82 0

117 93 0

726 91 0

690 97 0

727 129 0

684 182 0

712 260 0

538 266 0

538 266 0

712 307 0

178 369 0

453 381 0

246 387 0

203 433 0

667 476 0

704 490 0

618 500 0

618 500 0

971 514 0

680 514 0

555 524 0

555 524 0

871 65 0

815 137 0

949 158 0

810 210 0

806 264 0

343 279 0

385 303 0

385 303 0

927 346 0

389 353 0

389 353 0

653 370 0

381 413 0

647 421 0

689 429 0

805 447 0

574 482 0

574 482 0

557 530 0

374 236 0

148 261 0

331 383 0

331 383 0

537 435 0

283 453 0

283 453 0

932 475 0

509 483 0

574 206 0

819 432 0

267 79 0

207 226 0

238 367 0

420 94 0

667 268 0

851 273 0

207 144 0

347 221 0

213 464 0

575 476 0

750 259 0

750 259 0

