234 13 0,859277058729712

771 174 0,99091634301119

771 177 0,99282539839279

771 177 0,992914950828981

859 186 0,877702996586047

766 211 0,520766673998672

809 221 0,923388856982817

794 228 0,908679924182863

692 241 0,864625036772452

616 243 0

695 243 0,85338157471881

638 252 0,884749072286676

837 252 0,8980924171747

629 253 0,857255066652652

834 253 0,816637890280846

636 256 0,732049448144952

629 256 0,896651465790496

552 272 0,803380440272401

552 276 0,935992772748953

552 276 0,925042193462982

637 276 0,875524992004218

551 279 0,899324075572245

836 289 0,935504316427356

619 293 0,943814281660416

855 315 0,824262099125079

658 317 0,881219605371755

477 331 0,960932547812888

670 334 0,918856279809622

776 334 0,873095643792152

824 365 0,830983693881088

620 366 0,939404053200441

620 366 0,911468569216265

620 366 0,884163976780018

888 376 0,913078146516852

420 381 0,837184167865265

934 384 0,962789547883619

897 389 0,98506853026309

539 390 0,835515582654299

806 392 0,993451938625395

535 392 0,947226680854209

428 393 0,847590748388528

838 392 0,932948523624306

826 397 0,893034421632987

833 398 0,842982320956498

833 398 0,827017626277826

110 406 0,943252676358334

836 408 0,963213439412293

821 414 0,878364744143473

821 414 0,865922786570108

462 423 0,871331857696612

812 444 0,878244729877984

801 446 0,926667008538784

122 450 0,876237614172358

270 453 0,966427646746142

248 462 0,875585246751855

845 463 0,860482658925216

794 464 0,906370058319784

800 470 0

245 470 0,892344512323191

245 470 0,900666197894981

327 477 0,963737846476582

424 481 0,940347599463862

418 482 0,868206578073344

817 482 0,984464492278991

416 485 0,804399762848617

416 485 0,880249000515891

110 497 0,915909648444936

72 511 0,871516933337932

387 511 0,84778080835211

75 514 0,808384653656923

913 518 0,921015275983251

789 519 0,876952836154224

581 519 0,741052668018346

531 520 0,833011679104531

901 522 0,924729054094706

785 530 0,939443887222403

133 530 0,947237783662486

903 531 0,796689531600175

846 533 0,885366306047668

132 534 0,893975815151451

299 539 0,633958154328504

129 540 0,892077813515745

362 543 0,962359492702968

120 551 0,842820700057788

840 554 0,903161696289307

992 555 0,808681051944266

988 565 0,948859725380069

480 567 0,939400725536483

990 579 0,970537505644547

988 581 0,854340799038771

987 598 0,915032715072572

707 622 0,990455378045823

785 659 0,867457647075032

432 7 0,943429679060584

432 7 0,962422185597844

196 13 0

128 14 0,925941487155804

126 22 0

198 21 0

198 21 0

131 26 0

138 31 0

128 37 0

152 39 0

156 40 0

156 40 0

186 39 0

231 41 0

139 46 0

139 46 0

302 47 0

232 54 0

13 87 0

13 87 0

13 87 0

736 96 0

157 101 0

705 102 0

705 102 0

602 126 0

860 130 0

860 130 0

117 132 0

826 147 0

826 147 0

798 150 0,918925419150495

827 152 0,797429476217875

808 153 0,849890819017948

789 155 0

870 169 0,717437255725136

870 169 0

857 169 0,933952753651744

682 172 0

871 173 0,742871265410304

871 173 0

777 184 0

802 186 0

822 186 0

873 190 0

554 190 0

628 195 0,826593545648923

763 195 0

873 202 0,888923293799844

823 204 0

680 206 0

789 208 0,879171341959685

812 211 0

823 212 0

637 216 0

716 216 0

716 216 0,95825425569347

802 217 0

802 217 0

811 217 0

811 217 0

824 219 0

884 219 0

681 222 0

681 222 0,938376408518383

821 226 0

825 227 0

800 227 0

708 228 0

708 228 0,93813165255862

692 229 0

880 228 0

864 230 0

864 230 0

864 230 0

868 232 0,817634150304138

868 232 0

681 232 0

681 232 0

833 232 0

689 233 0

839 233 0,589645851227101

839 233 0

839 233 0

826 233 0,977299494806694

862 237 0

872 239 0

628 241 0

628 241 0

875 242 0

653 242 0

632 243 0

632 243 0

882 246 0,785445075962259

809 247 0

673 247 0

611 248 0,929751482006357

710 248 0

710 248 0

679 251 0,965906421681919

683 251 0

683 251 0

854 252 0

646 252 0

646 252 0

616 253 0,839162540789158

869 258 0

838 258 0

710 259 0

710 259 0

866 260 0,867376592692361

637 266 0,855491281187652

551 269 0,833889356096192

666 269 0,979454757313007

810 269 0

870 270 0

617 271 0

681 271 0,807602784683002

967 272 0

967 272 0

692 273 0

555 280 0

795 280 0

548 280 0,899738886200483

641 281 0

839 281 0

721 285 0,847810713839799

842 284 0

771 286 0

771 286 0

660 291 0

639 295 0

837 295 0,790077256002481

612 295 0

622 296 0,803038503378738

822 296 0,968037864427621

968 296 0

968 296 0

800 299 0,751673448380859

619 301 0,911117852185002

695 301 0,979310246771719

885 303 0,857450626028033

969 304 0

629 304 0,863877886334888

639 306 0

710 308 0

627 308 0,657331078824852

661 310 0

640 311 0

845 312 0

640 316 0

480 318 0

627 319 0

684 321 0

836 321 0

640 321 0

641 327 0

689 328 0,919581357515408

634 330 0

697 333 0

697 333 0

874 335 0

867 335 0,938210284456997

856 336 0

895 337 0

618 339 0

832 341 0,948224610072437

654 342 0,71405450121516

826 342 0

793 344 0,825636443246269

726 344 0

720 345 0

823 345 0,772532208827821

373 346 0,823628562941133

811 346 0

934 349 0,708094095357775

990 349 0

935 352 0

699 358 0

644 359 0

835 360 0

666 361 0

465 366 0

827 368 0,976855742819044

624 370 0,638342564387581

445 374 0

831 375 0,833320186597071

896 379 0

886 379 0

886 379 0

423 383 0

139 385 0,860601330356407

628 385 0,828668945393481

628 385 0,822247299396785

821 388 0

428 389 0,694699806405726

994 390 0,807322697071192

432 390 0

809 391 0,857470508643814

821 392 0,923786634002225

423 393 0

930 393 0

147 394 0

425 396 0

395 399 0,869798889132881

395 399 0,896095088405996

433 400 0

433 400 0

992 400 0

992 400 0

485 403 0,837339465821668

820 403 0

812 403 0,964398176670153

816 404 0

113 406 0

359 409 0,874783760555735

980 412 0

844 413 0

100 417 0

911 419 0,856991527308096

953 420 0

282 420 0

950 422 0

804 425 0,891407528869626

930 431 0,798416594053441

934 431 0,91292270151914

858 434 0,796758935322303

821 435 0,844774224985997

855 436 0,893435496234108

834 438 0

847 439 0

476 440 0

860 441 0

865 441 0,843590625268152

121 443 0,970282876265471

475 443 0

799 444 0

414 445 0,85146994951594

936 445 0

869 445 0

236 447 0

816 447 0

786 450 0,986007305736286

847 451 0

118 452 0

836 454 0,710446050067094

847 457 0,927258666425433

664 458 0,639661570998029

485 459 0

674 462 0

909 462 0

909 462 0,720881245438095

909 462 0

114 464 0

913 464 0

903 465 0

635 465 0

907 465 0,79289603668096

907 465 0

247 466 0

423 468 0

423 468 0

417 469 0,822224128840317

909 472 0

374 474 0

244 477 0

244 477 0

421 478 0

794 479 0,984780800835714

684 481 0

684 481 0

797 482 0,271499546431766

577 483 0

182 483 0

182 483 0

923 484 0

223 486 0,815103849180882

583 486 0

608 488 0,928787802734451

585 489 0

816 491 0,959286931410285

480 492 0

564 493 0,835899511919092

944 493 0

126 494 0,89977111510804

779 495 0

812 494 0

786 497 0

325 497 0,886377573054999

831 497 0

816 498 0

588 499 0

588 499 0

842 500 0

985 500 0

316 501 0,866725193857931

566 501 0

804 501 0

421 502 0

421 502 0

801 503 0

425 505 0

425 505 0

689 505 0

872 505 0

815 507 0

569 508 0

845 508 0

647 509 0

903 509 0

903 509 0

855 510 0,76728013090929

570 512 0

570 512 0,697009466094426

916 512 0,794461388675766

122 513 0

122 513 0

567 514 0,822150583637981

815 514 0

815 514 0

470 515 0

841 515 0

693 516 0

505 517 0,742292019311379

866 517 0,838499009234965

864 518 0,798892506129247

101 519 0

909 518 0

690 520 0,786845748301985

694 520 0

865 520 0

794 521 0

572 522 0

849 523 0

892 523 0,798132158726859

986 523 0

126 524 0

798 525 0

798 525 0

983 526 0

983 526 0

579 526 0

898 526 0,784291547719004

847 528 0,672573681598296

65 531 0,941466176111765

285 532 0

285 532 0

798 534 0,858629302433524

798 534 0,854241993326323

568 536 0

979 536 0,624798440518654

296 537 0,883064012435939

903 538 0,827026818133772

813 541 0

742 543 0

742 543 0

127 543 0,932276581445152

116 544 0,824435560824786

455 546 0

123 548 0

961 550 0,90632420674743

309 550 0,779364829930116

309 550 0

983 550 0

529 552 0

867 554 0

348 556 0

859 558 0

107 560 0

96 563 0

991 564 0,878122097765765

994 566 0

463 566 0

842 567 0

483 567 0,863599434213505

506 573 0,831726540950191

483 575 0

989 577 0,679808512380398

469 598 0

494 603 0,786489015308027

820 607 0,898804239136649

824 609 0

829 613 0

843 615 0,811952933225388

711 627 0

147 642 0

678 647 0,891227679957374

782 659 0,977872192287248

778 660 0,843753958409416

306 665 0

189 689 0

559 690 0

560 694 0

344 696 0

344 696 0

121 3 0

121 3 0

137 3 0

137 3 0

236 4 0

258 4 0

111 5 0

111 5 0

126 6 0

629 7 0

108 9 0

150 9 0

150 9 0

193 10 0

391 11 0

431 11 0

102 11 0

240 14 0

136 15 0

136 15 0

113 17 0

123 18 0

133 19 0

240 18 0

146 20 0

146 20 0

693 22 0

488 23 0

142 24 0

121 25 0

194 25 0

402 27 0

115 28 0

129 30 0

391 30 0

184 31 0

141 34 0

148 36 0

952 36 0

11 36 0

118 37 0

37 38 0

142 39 0

142 39 0

110 41 0

110 41 0

129 41 0

135 42 0

147 42 0

106 44 0

359 43 0

122 44 0

122 44 0

575 45 0

130 45 0

267 47 0

135 49 0

140 50 0

140 50 0

118 52 0

337 53 0

251 55 0

112 56 0

116 56 0

116 56 0

123 56 0

123 56 0

927 58 0

927 58 0

932 59 0

583 61 0

243 65 0

582 66 0

582 66 0

23 71 0

23 71 0

865 71 0

858 73 0

858 73 0

191 74 0

847 75 0

16 78 0

810 82 0

829 82 0

765 89 0

246 94 0

637 96 0

713 96 0

750 97 0

190 98 0

722 98 0

722 98 0

711 101 0

698 103 0

216 104 0

667 106 0

667 106 0

690 105 0

703 106 0

12 107 0

12 107 0

581 109 0

655 108 0

655 108 0

63 110 0

666 110 0

128 111 0

641 110 0

641 110 0

946 111 0

644 114 0

949 115 0

627 116 0

172 116 0

769 119 0

608 126 0

55 129 0

109 132 0

117 136 0

248 136 0

248 136 0

546 137 0

254 142 0

859 145 0

859 145 0

252 146 0

250 151 0

823 151 0

823 151 0

800 154 0

695 154 0

793 154 0

793 154 0

827 157 0

808 158 0

794 160 0

789 161 0

413 163 0

413 163 0

772 168 0

797 170 0

857 178 0

877 179 0

877 179 0

28 181 0

683 181 0

781 182 0

824 183 0

798 184 0

773 185 0

602 186 0

602 186 0

854 187 0

814 188 0

847 188 0

769 189 0

769 189 0

807 189 0

807 189 0

606 191 0

749 192 0

263 197 0

873 197 0

873 197 0

774 198 0

799 198 0

684 199 0

733 199 0

733 199 0

700 200 0

628 200 0

844 201 0

632 203 0

697 204 0

837 208 0

665 208 0

794 209 0

629 209 0

464 210 0

777 210 0

648 211 0

803 212 0

604 212 0

662 212 0

783 214 0

461 214 0

775 214 0

815 214 0

617 215 0

617 215 0

711 217 0

711 217 0

711 217 0

641 218 0

641 218 0

680 218 0

680 218 0

684 219 0

791 219 0

468 220 0

634 221 0

605 221 0

715 222 0

715 222 0

609 223 0

609 223 0

700 224 0

791 225 0

861 225 0

861 225 0

630 226 0

712 226 0

672 228 0

787 230 0

856 230 0

685 231 0

792 231 0

808 231 0

848 232 0

796 233 0

822 233 0

716 234 0

648 234 0

709 234 0

709 234 0

829 235 0

829 235 0

702 236 0

702 236 0

792 237 0

884 238 0

624 238 0

713 238 0

615 239 0

618 239 0

880 239 0

673 240 0

698 240 0

698 240 0

705 239 0

837 239 0

817 241 0

817 241 0

686 242 0

717 241 0

849 242 0

822 242 0

709 243 0

830 243 0

677 244 0

868 243 0

780 244 0

690 245 0

713 244 0

682 246 0

826 245 0

767 246 0

767 246 0

632 248 0

632 248 0

694 248 0

650 249 0

687 249 0

823 249 0

830 249 0

858 249 0

869 249 0

879 249 0

642 250 0

806 252 0

841 252 0

623 253 0

623 253 0

658 253 0

827 253 0

849 253 0

632 255 0

632 255 0

619 256 0

831 257 0

683 258 0

683 258 0

844 259 0

687 260 0

858 260 0

714 260 0

854 261 0

626 262 0

612 262 0

633 265 0

633 265 0

643 265 0

692 266 0

715 267 0

715 267 0

620 267 0

629 268 0

502 268 0

707 268 0

610 269 0

696 269 0

719 270 0

859 271 0

970 271 0

548 272 0

824 272 0

715 273 0

715 273 0

807 273 0

807 273 0

855 274 0

684 274 0

684 274 0

851 275 0

832 276 0

842 276 0

711 277 0

659 277 0

820 278 0

795 279 0

527 279 0

563 280 0

693 280 0

887 280 0

618 281 0

866 281 0

685 282 0

860 282 0

670 283 0

712 284 0

712 284 0

660 286 0

717 286 0

717 286 0

833 286 0

833 286 0

767 287 0

829 287 0

829 287 0

708 287 0

689 288 0

700 289 0

741 289 0

741 289 0

685 289 0

860 292 0

705 292 0

834 292 0

834 292 0

636 293 0

636 293 0

968 292 0

631 294 0

646 293 0

872 294 0

717 296 0

830 296 0

853 297 0

709 298 0

834 298 0

834 298 0

601 301 0

713 302 0

713 302 0

623 302 0

652 302 0

636 303 0

646 304 0

965 304 0

613 304 0

691 305 0

810 305 0

810 305 0

872 305 0

872 305 0

687 308 0

969 308 0

831 309 0

823 309 0

854 311 0

683 311 0

695 313 0

810 312 0

710 313 0

699 315 0

691 316 0

836 316 0

662 318 0

696 318 0

637 319 0

710 319 0

824 320 0

644 321 0

814 321 0

890 321 0

654 322 0

633 322 0

832 323 0

832 323 0

811 324 0

811 324 0

649 324 0

649 324 0

697 325 0

637 325 0

828 326 0

799 328 0

650 329 0

470 334 0

879 334 0

669 337 0

669 337 0

762 337 0

662 337 0

351 338 0

652 338 0

807 340 0

899 340 0

693 342 0

714 345 0

730 346 0

673 347 0

905 347 0

480 348 0

937 348 0

837 350 0

274 352 0

274 352 0

893 352 0

913 352 0

415 352 0

415 352 0

792 352 0

442 353 0

442 353 0

630 353 0

768 354 0

624 355 0

729 356 0

706 357 0

844 357 0

483 358 0

693 358 0

236 359 0

733 358 0

993 359 0

726 360 0

840 361 0

840 361 0

911 360 0

625 361 0

788 361 0

445 362 0

969 362 0

628 363 0

635 363 0

649 364 0

649 364 0

807 365 0

807 365 0

894 365 0

870 365 0

625 366 0

625 366 0

835 366 0

245 367 0

447 367 0

763 367 0

452 368 0

917 369 0

917 369 0

617 370 0

664 369 0

635 370 0

913 371 0

441 372 0

888 372 0

888 372 0

642 374 0

468 375 0

947 375 0

913 376 0

558 378 0

467 379 0

626 380 0

626 380 0

148 381 0

935 381 0

890 383 0

432 383 0

432 383 0

894 384 0

539 385 0

899 385 0

427 385 0

427 385 0

888 388 0

893 388 0

931 389 0

815 390 0

411 392 0

149 392 0

927 392 0

896 393 0

996 394 0

417 395 0

991 395 0

929 397 0

977 397 0

485 398 0

806 399 0

389 399 0

389 399 0

399 401 0

406 401 0

896 402 0

978 404 0

986 404 0

990 404 0

279 404 0

391 404 0

137 405 0

397 406 0

545 405 0

968 405 0

962 407 0

842 407 0

817 409 0

354 409 0

914 410 0

131 410 0

115 411 0

240 412 0

234 412 0

512 413 0

993 413 0

964 415 0

509 416 0

234 417 0

306 422 0

418 423 0

654 424 0

659 424 0

936 425 0

481 427 0

951 427 0

924 428 0

814 429 0

853 429 0

464 430 0

227 431 0

305 432 0

415 432 0

415 432 0

409 433 0

467 433 0

824 433 0

940 434 0

809 434 0

412 436 0

935 436 0

406 437 0

820 438 0

668 439 0

947 439 0

962 441 0

903 442 0

414 449 0

779 449 0

868 448 0

901 449 0

242 449 0

821 450 0

821 450 0

796 450 0

802 450 0

802 450 0

865 452 0

865 452 0

791 452 0

840 453 0

670 454 0

830 456 0

890 455 0

890 455 0

907 456 0

513 458 0

225 460 0

892 460 0

904 461 0

894 465 0

842 468 0

558 471 0

371 471 0

831 472 0

327 473 0

562 473 0

916 473 0

921 473 0

921 473 0

897 475 0

948 474 0

601 476 0

124 482 0

550 482 0

550 482 0

186 482 0

545 482 0

219 483 0

945 483 0

945 483 0

229 484 0

913 484 0

606 484 0

606 484 0

369 484 0

821 485 0

829 485 0

937 485 0

238 486 0

335 486 0

825 487 0

372 488 0

361 489 0

941 489 0

337 490 0

790 490 0

830 490 0

299 491 0

540 491 0

590 494 0

939 495 0

939 495 0

939 495 0

984 495 0

254 497 0

839 498 0

820 498 0

820 498 0

953 499 0

953 499 0

828 500 0

64 502 0

591 502 0

371 503 0

421 503 0

845 503 0

845 503 0

850 503 0

685 506 0

69 506 0

411 507 0

915 508 0

573 509 0

562 509 0

704 510 0

704 510 0

597 510 0

712 511 0

874 511 0

407 511 0

912 512 0

772 512 0

772 512 0

839 512 0

460 513 0

787 514 0

492 514 0

782 515 0

126 515 0

79 516 0

647 517 0

799 518 0

984 518 0

458 519 0

637 520 0

713 521 0

730 521 0

946 521 0

577 522 0

896 522 0

467 522 0

878 523 0

74 523 0

462 523 0

780 524 0

791 524 0

284 524 0

784 525 0

819 525 0

697 526 0

876 527 0

876 527 0

288 528 0

465 528 0

871 529 0

821 530 0

77 530 0

124 530 0

93 531 0

792 532 0

876 533 0

81 535 0

786 536 0

841 536 0

90 536 0

360 537 0

461 537 0

795 537 0

899 537 0

16 538 0

490 540 0

791 541 0

111 543 0

944 543 0

258 545 0

384 546 0

787 546 0

371 547 0

371 547 0

576 547 0

363 548 0

110 549 0

305 548 0

463 549 0

865 549 0

865 549 0

873 549 0

869 550 0

869 550 0

223 551 0

889 553 0

505 553 0

505 553 0

80 554 0

895 554 0

277 555 0

433 556 0

549 557 0

856 558 0

851 559 0

851 559 0

381 560 0

476 561 0

357 562 0

344 564 0

473 565 0

470 569 0

68 570 0

512 578 0

992 583 0

992 583 0

502 584 0

486 584 0

876 584 0

494 585 0

445 586 0

962 590 0

778 599 0

468 601 0

390 604 0

799 604 0

549 608 0

302 611 0

552 612 0

758 614 0

806 614 0

950 620 0

275 623 0

712 623 0

700 628 0

153 663 0

808 666 0

815 666 0

812 670 0

217 673 0

217 673 0

226 677 0

227 681 0

499 682 0

499 682 0

305 684 0

174 687 0

291 687 0

344 687 0

332 692 0

332 692 0

275 694 0

363 695 0

213 695 0

349 695 0

254 695 0

293 696 0

331 696 0

374 696 0

201 4 0

289 4 0

411 5 0

422 5 0

535 5 0

535 5 0

389 6 0

525 7 0

525 7 0

182 8 0

201 9 0

231 9 0

438 9 0

982 9 0

833 11 0

841 11 0

421 12 0

505 13 0

183 16 0

202 19 0

684 20 0

184 24 0

202 25 0

630 29 0

184 31 0

5 32 0

5 32 0

123 33 0

279 42 0

359 43 0

720 43 0

575 45 0

942 47 0

100 48 0

124 49 0

229 49 0

142 54 0

932 59 0

922 61 0

297 62 0

634 62 0

875 65 0

582 66 0

104 67 0

862 67 0

862 67 0

229 73 0

364 73 0

842 73 0

223 74 0

571 74 0

830 74 0

21 75 0

21 75 0

215 76 0

818 76 0

837 77 0

806 78 0

797 80 0

797 80 0

823 80 0

230 83 0

801 84 0

785 87 0

752 88 0

770 90 0

736 91 0

759 92 0

759 92 0

759 92 0

182 93 0

727 93 0

98 96 0

704 98 0

184 99 0

694 102 0

694 102 0

585 103 0

123 104 0

123 104 0

216 104 0

578 104 0

210 107 0

646 109 0

641 111 0

641 111 0

217 111 0

655 113 0

64 115 0

632 118 0

12 120 0

240 120 0

850 123 0

47 125 0

633 126 0

119 128 0

128 128 0

55 129 0

55 129 0

57 134 0

219 134 0

172 136 0

747 141 0

720 145 0

438 147 0

728 149 0

13 150 0

674 153 0

890 154 0

654 157 0

804 157 0

906 157 0

678 158 0

895 159 0

794 160 0

651 162 0

865 162 0

556 164 0

220 165 0

220 165 0

583 165 0

792 165 0

432 169 0

258 173 0

780 173 0

548 176 0

548 176 0

867 176 0

48 180 0

872 180 0

872 180 0

35 181 0

251 181 0

277 181 0

842 184 0

842 184 0

201 185 0

10 186 0

10 186 0

31 186 0

31 186 0

794 186 0

868 186 0

781 188 0

774 188 0

778 193 0

778 193 0

830 194 0

904 195 0

264 197 0

534 200 0

578 200 0

705 203 0

840 204 0

510 205 0

684 205 0

814 205 0

447 206 0

806 206 0

785 209 0

613 211 0

633 212 0

874 213 0

456 215 0

880 215 0

807 216 0

692 217 0

703 217 0

587 219 0

816 220 0

463 223 0

708 223 0

708 223 0

639 223 0

231 224 0

883 224 0

690 225 0

805 227 0

901 225 0

901 225 0

630 226 0

805 227 0

681 228 0

681 228 0

851 228 0

851 228 0

704 229 0

677 233 0

869 233 0

869 233 0

861 235 0

652 238 0

652 238 0

643 239 0

643 239 0

682 239 0

858 241 0

529 242 0

885 244 0

853 246 0

817 246 0

704 247 0

874 247 0

977 247 0

858 249 0

936 249 0

577 250 0

798 250 0

982 250 0

841 252 0

692 253 0

703 253 0

614 254 0

810 254 0

675 256 0

675 256 0

854 256 0

925 256 0

608 257 0

706 258 0

650 259 0

845 259 0

641 261 0

577 261 0

881 261 0

679 262 0

679 262 0

459 265 0

199 265 0

842 265 0

262 266 0

684 267 0

855 267 0

966 267 0

629 268 0

201 271 0

201 271 0

644 275 0

466 276 0

711 277 0

870 278 0

782 280 0

876 281 0

579 283 0

825 283 0

808 284 0

808 284 0

777 285 0

585 288 0

812 288 0

672 290 0

680 290 0

721 290 0

782 290 0

876 290 0

129 292 0

695 293 0

712 293 0

852 293 0

631 293 0

796 296 0

796 296 0

669 296 0

651 297 0

699 298 0

643 299 0

43 301 0

594 302 0

594 302 0

718 308 0

970 308 0

873 311 0

873 311 0

991 312 0

991 312 0

858 313 0

636 314 0

934 315 0

934 315 0

719 316 0

863 316 0

874 317 0

874 317 0

970 320 0

846 322 0

785 329 0

893 329 0

693 330 0

720 330 0

881 330 0

898 333 0

479 336 0

693 336 0

662 338 0

615 341 0

641 343 0

378 345 0

476 345 0

806 345 0

806 345 0

384 346 0

941 346 0

910 348 0

910 348 0

807 351 0

826 351 0

791 352 0

656 353 0

660 357 0

871 357 0

879 357 0

236 358 0

638 359 0

733 358 0

994 358 0

920 359 0

380 360 0

788 361 0

799 361 0

823 361 0

840 361 0

840 361 0

860 361 0

860 361 0

154 362 0

874 362 0

874 362 0

914 364 0

935 364 0

807 365 0

807 365 0

152 368 0

152 368 0

237 368 0

467 370 0

895 370 0

879 370 0

211 374 0

211 374 0

435 374 0

133 376 0

133 376 0

907 377 0

939 377 0

415 379 0

877 382 0

437 386 0

910 388 0

405 391 0

826 391 0

308 392 0

901 393 0

137 394 0

137 394 0

401 396 0

401 396 0

430 396 0

443 397 0

821 397 0

364 399 0

417 399 0

277 400 0

118 401 0

97 402 0

428 403 0

428 403 0

935 403 0

415 405 0

968 405 0

296 406 0

664 406 0

824 406 0

824 406 0

909 406 0

382 408 0

482 408 0

981 408 0

981 408 0

989 408 0

373 409 0

964 411 0

964 411 0

155 413 0

460 413 0

907 413 0

355 414 0

383 414 0

660 417 0

109 420 0

916 420 0

836 421 0

663 422 0

995 422 0

312 425 0

112 426 0

809 426 0

967 428 0

813 429 0

801 431 0

236 431 0

311 431 0

901 431 0

955 431 0

961 433 0

910 434 0

916 435 0

916 435 0

842 436 0

481 438 0

139 438 0

139 438 0

225 440 0

233 440 0

933 440 0

198 441 0

832 442 0

832 442 0

289 443 0

508 445 0

250 446 0

250 446 0

841 446 0

513 447 0

939 448 0

785 449 0

873 449 0

907 449 0

907 449 0

449 450 0

421 451 0

813 452 0

813 452 0

517 453 0

517 453 0

782 454 0

875 455 0

889 455 0

889 455 0

920 455 0

920 455 0

327 456 0

896 456 0

896 456 0

913 456 0

371 457 0

317 458 0

506 458 0

514 457 0

106 459 0

594 460 0

609 460 0

904 461 0

659 462 0

118 464 0

212 464 0

629 464 0

416 465 0

416 465 0

258 466 0

281 466 0

281 466 0

607 466 0

353 467 0

796 468 0

796 468 0

600 469 0

837 469 0

852 471 0

361 475 0

361 475 0

827 474 0

827 474 0

927 476 0

927 476 0

809 477 0

967 477 0

562 479 0

94 480 0

94 480 0

88 481 0

291 481 0

284 482 0

229 484 0

243 484 0

78 486 0

437 486 0

919 486 0

919 486 0

284 488 0

544 488 0

825 487 0

270 490 0

252 491 0

299 491 0

77 492 0

11 493 0

550 493 0

280 494 0

280 494 0

535 494 0

535 494 0

560 494 0

678 494 0

266 495 0

472 497 0

472 497 0

269 499 0

269 499 0

313 499 0

782 499 0

798 499 0

15 500 0

226 500 0

584 501 0

407 503 0

431 503 0

812 503 0

471 504 0

839 503 0

839 503 0

876 505 0

123 507 0

377 507 0

512 507 0

909 507 0

258 509 0

802 509 0

388 510 0

598 510 0

691 511 0

407 511 0

16 512 0

356 512 0

356 512 0

356 512 0

772 512 0

818 513 0

818 513 0

830 512 0

839 512 0

795 513 0

110 514 0

500 514 0

787 514 0

307 516 0

387 516 0

595 516 0

733 516 0

21 517 0

409 517 0

426 518 0

811 519 0

490 519 0

501 520 0

853 520 0

528 521 0

713 521 0

755 521 0

926 521 0

214 522 0

214 522 0

290 522 0

915 522 0

915 522 0

79 525 0

860 525 0

303 526 0

326 526 0

280 528 0

349 527 0

806 528 0

893 528 0

622 529 0

797 529 0

866 530 0

858 531 0

858 531 0

899 531 0

899 531 0

940 531 0

469 533 0

469 533 0

850 533 0

369 534 0

369 534 0

121 536 0

938 537 0

855 537 0

862 537 0

895 537 0

25 538 0

873 539 0

975 539 0

61 540 0

523 541 0

867 541 0

20 542 0

20 542 0

425 543 0

569 545 0

32 545 0

32 545 0

394 545 0

26 546 0

305 548 0

760 549 0

177 550 0

22 551 0

852 552 0

852 552 0

305 554 0

305 554 0

384 556 0

440 556 0

47 557 0

390 557 0

900 557 0

282 559 0

282 559 0

553 559 0

981 560 0

380 560 0

894 560 0

296 561 0

339 561 0

339 561 0

545 561 0

545 561 0

790 561 0

357 562 0

466 563 0

839 563 0

868 566 0

63 569 0

867 577 0

865 586 0

458 591 0

861 595 0

458 597 0

971 597 0

797 598 0

818 598 0

744 603 0

856 602 0

783 604 0

793 604 0

352 608 0

866 610 0

994 610 0

556 616 0

877 617 0

950 620 0

877 623 0

673 624 0

595 625 0

948 625 0

706 627 0

706 627 0

706 627 0

28 631 0

620 633 0

612 635 0

85 638 0

108 641 0

127 645 0

258 651 0

170 652 0

134 659 0

342 659 0

146 661 0

809 661 0

187 667 0

304 669 0

131 670 0

324 675 0

247 679 0

344 679 0

339 684 0

339 685 0

396 687 0

396 687 0

115 688 0

115 688 0

234 689 0

314 689 0

139 691 0

251 691 0

465 691 0

396 692 0

417 696 0

769 4 0

248 5 0

457 5 0

177 6 0

906 9 0

906 9 0

255 9 0

738 11 0

177 12 0

247 12 0

929 12 0

256 16 0

178 20 0

482 20 0

441 23 0

441 23 0

178 27 0

943 31 0

937 32 0

229 33 0

349 37 0

291 39 0

336 39 0

710 39 0

408 40 0

631 40 0

362 41 0

925 44 0

913 46 0

279 47 0

336 47 0

901 49 0

377 50 0

246 59 0

281 63 0

583 74 0

411 75 0

411 75 0

635 75 0

148 87 0

135 89 0

982 90 0

204 91 0

584 92 0

114 93 0

18 95 0

170 96 0

121 98 0

133 102 0

95 103 0

153 105 0

92 110 0

92 110 0

76 112 0

217 119 0

5 121 0

30 126 0

381 126 0

21 128 0

103 128 0

43 137 0

43 137 0

476 138 0

219 142 0

736 144 0

948 144 0

853 146 0

708 148 0

43 151 0

220 151 0

813 151 0

213 156 0

213 156 0

419 158 0

437 164 0

183 166 0

525 166 0

194 170 0

689 171 0

877 173 0

661 175 0

190 176 0

830 177 0

776 178 0

202 179 0

837 179 0

879 185 0

102 185 0

532 190 0

761 190 0

769 194 0

276 195 0

755 197 0

878 198 0

477 202 0

570 204 0

153 206 0

870 208 0

770 211 0

680 212 0

873 215 0

609 216 0

609 216 0

479 218 0

797 218 0

854 220 0

615 222 0

615 222 0

278 222 0

367 222 0

674 222 0

912 224 0

912 224 0

283 227 0

316 228 0

873 228 0

240 232 0

668 234 0

816 233 0

787 235 0

575 236 0

630 236 0

779 238 0

767 239 0

806 242 0

806 242 0

941 243 0

773 245 0

773 245 0

247 248 0

965 248 0

501 250 0

787 251 0

959 253 0

455 257 0

800 258 0

653 264 0

653 264 0

788 265 0

578 272 0

876 272 0

801 276 0

705 276 0

789 277 0

526 278 0

679 279 0

771 280 0

558 284 0

547 286 0

292 289 0

802 289 0

887 289 0

655 290 0

789 291 0

538 293 0

462 298 0

462 298 0

877 299 0

877 299 0

887 299 0

687 300 0

443 301 0

431 302 0

431 302 0

803 306 0

13 308 0

13 308 0

522 308 0

630 309 0

343 310 0

44 311 0

331 311 0

466 311 0

466 311 0

7 312 0

579 313 0

974 314 0

974 314 0

545 316 0

890 316 0

288 320 0

980 320 0

344 323 0

880 322 0

332 324 0

804 324 0

792 328 0

838 328 0

775 330 0

775 330 0

812 331 0

656 333 0

639 334 0

281 335 0

726 337 0

716 338 0

698 340 0

941 340 0

941 340 0

544 341 0

488 343 0

441 344 0

765 346 0

602 347 0

650 348 0

372 351 0

407 359 0

975 362 0

241 362 0

241 362 0

828 364 0

902 363 0

642 364 0

984 364 0

670 367 0

21 368 0

460 369 0

824 372 0

901 373 0

482 374 0

881 376 0

881 376 0

850 378 0

217 380 0

307 379 0

208 380 0

620 382 0

928 381 0

277 383 0

469 386 0

950 386 0

108 387 0

115 387 0

506 388 0

608 387 0

280 389 0

444 390 0

130 392 0

191 394 0

436 395 0

116 395 0

116 395 0

125 397 0

125 397 0

109 399 0

133 401 0

837 401 0

8 402 0

476 404 0

831 407 0

452 409 0

492 409 0

610 409 0

948 410 0

948 410 0

539 412 0

319 414 0

851 414 0

487 415 0

888 416 0

256 418 0

950 417 0

960 417 0

960 417 0

458 418 0

313 419 0

235 421 0

409 421 0

409 421 0

228 422 0

451 422 0

148 425 0

858 425 0

858 425 0

413 426 0

222 427 0

264 428 0

94 429 0

471 430 0

801 431 0

455 436 0

895 435 0

95 438 0

132 438 0

814 438 0

447 441 0

818 444 0

818 444 0

116 445 0

220 445 0

420 445 0

212 446 0

229 446 0

808 446 0

808 446 0

927 445 0

927 445 0

109 448 0

393 447 0

830 449 0

948 449 0

892 449 0

869 455 0

820 456 0

627 457 0

925 457 0

50 458 0

417 458 0

124 461 0

938 462 0

473 463 0

853 463 0

398 464 0

640 464 0

888 468 0

888 468 0

880 468 0

365 469 0

564 470 0

788 470 0

328 471 0

115 473 0

268 473 0

268 473 0

100 478 0

254 478 0

348 478 0

555 478 0

922 478 0

77 480 0

361 482 0

361 482 0

990 482 0

990 482 0

263 483 0

603 484 0

250 485 0

444 485 0

57 486 0

203 486 0

612 486 0

537 488 0

343 488 0

306 489 0

888 489 0

796 490 0

796 490 0

120 494 0

226 494 0

274 494 0

274 494 0

154 497 0

684 497 0

791 500 0

570 501 0

570 501 0

540 503 0

648 503 0

648 503 0

956 503 0

286 504 0

286 504 0

286 504 0

832 506 0

859 507 0

417 510 0

642 513 0

807 513 0

807 513 0

663 514 0

698 515 0

748 517 0

767 517 0

116 518 0

116 518 0

903 518 0

903 518 0

267 519 0

267 519 0

822 519 0

831 519 0

803 521 0

803 521 0

12 522 0

522 524 0

871 525 0

496 526 0

932 529 0

211 538 0

476 537 0

505 540 0

371 541 0

371 541 0

528 542 0

899 544 0

850 545 0

906 545 0

379 546 0

542 546 0

542 546 0

298 552 0

522 552 0

988 552 0

988 552 0

542 554 0

862 554 0

134 556 0

515 557 0

874 557 0

952 558 0

967 559 0

992 559 0

992 559 0

880 562 0

515 567 0

366 569 0

959 570 0

277 584 0

985 586 0

452 587 0

577 601 0

448 602 0

581 607 0

851 608 0

971 615 0

788 618 0

12 621 0

65 621 0

24 623 0

822 623 0

72 626 0

851 627 0

169 639 0

91 640 0

257 644 0

298 651 0

224 661 0

240 664 0

343 665 0

271 669 0

328 670 0

292 672 0

366 677 0

338 679 0

355 681 0

398 681 0

374 684 0

374 684 0

389 687 0

374 691 0

487 694 0

564 694 0

314 695 0

450 695 0

935 10 0

627 14 0

158 15 0

364 19 0

346 21 0

233 21 0

233 21 0

497 30 0

739 31 0

739 31 0

647 33 0

196 34 0

399 43 0

290 46 0

290 46 0

153 48 0

220 52 0

271 54 0

271 54 0

287 68 0

602 75 0

58 81 0

470 81 0

481 80 0

162 84 0

854 84 0

854 84 0

607 93 0

644 94 0

644 94 0

201 99 0

106 102 0

223 104 0

415 106 0

415 106 0

972 109 0

112 110 0

104 111 0

109 118 0

406 122 0

615 124 0

186 125 0

824 127 0

623 128 0

889 128 0

506 132 0

227 135 0

487 135 0

28 142 0

418 142 0

840 149 0

848 155 0

848 155 0

760 163 0

555 164 0

470 169 0

830 176 0

214 178 0

886 178 0

886 178 0

118 179 0

127 179 0

142 179 0

167 179 0

431 182 0

879 186 0

895 190 0

284 197 0

208 198 0

208 198 0

677 198 0

808 198 0

793 200 0

461 201 0

251 203 0

764 203 0

167 206 0

284 206 0

484 210 0

484 210 0

484 210 0

698 210 0

587 211 0

840 214 0

501 218 0

649 218 0

896 218 0

782 220 0

627 221 0

766 222 0

766 222 0

891 226 0

780 229 0

623 231 0

897 233 0

21 235 0

437 236 0

891 240 0

487 241 0

625 244 0

659 244 0

760 247 0

900 246 0

709 251 0

709 251 0

930 251 0

883 252 0

768 254 0

242 256 0

257 261 0

877 262 0

441 265 0

555 266 0

862 271 0

863 284 0

217 287 0

764 288 0

85 294 0

771 294 0

218 297 0

462 298 0

462 298 0

157 300 0

410 303 0

790 304 0

468 304 0

865 305 0

880 310 0

904 311 0

445 314 0

431 316 0

52 317 0

247 317 0

897 320 0

866 322 0

866 322 0

563 324 0

563 324 0

905 323 0

238 327 0

938 333 0

598 334 0

372 338 0

775 339 0

812 339 0

906 340 0

54 343 0

965 343 0

450 346 0

264 347 0

626 347 0

898 347 0

818 349 0

818 349 0

818 349 0

744 351 0

382 352 0

348 353 0

920 353 0

965 353 0

58 353 0

58 353 0

249 354 0

896 357 0

258 357 0

428 359 0

428 359 0

626 357 0

906 357 0

819 360 0

216 367 0

609 370 0

841 370 0

610 379 0

610 379 0

687 379 0

124 380 0

93 381 0

620 383 0

881 384 0

81 388 0

278 390 0

645 394 0

182 395 0

845 397 0

952 401 0

641 404 0

365 405 0

439 407 0

252 410 0

423 411 0

279 415 0

493 416 0

493 416 0

626 417 0

155 421 0

901 422 0

901 422 0

943 425 0

858 425 0

858 425 0

164 426 0

130 430 0

31 436 0

815 437 0

790 438 0

467 441 0

824 442 0

190 443 0

258 446 0

297 446 0

505 451 0

505 451 0

932 452 0

221 453 0

221 453 0

185 454 0

264 454 0

459 454 0

408 455 0

647 457 0

211 457 0

442 457 0

442 457 0

789 460 0

465 459 0

428 464 0

428 464 0

887 463 0

997 467 0

906 472 0

85 474 0

99 477 0

322 475 0

322 475 0

889 476 0

812 486 0

812 486 0

189 486 0

38 488 0

323 490 0

902 490 0

110 492 0

101 495 0

921 495 0

283 496 0

503 498 0

353 500 0

782 500 0

275 503 0

556 503 0

774 504 0

639 505 0

821 505 0

78 507 0

659 507 0

321 508 0

62 510 0

655 514 0

920 514 0

527 521 0

648 520 0

91 522 0

311 523 0

855 524 0

274 525 0

992 525 0

387 527 0

772 527 0

296 528 0

296 528 0

513 528 0

842 530 0

923 531 0

923 531 0

71 532 0

907 533 0

147 536 0

362 538 0

269 538 0

505 540 0

821 541 0

460 544 0

958 544 0

915 546 0

105 548 0

373 553 0

29 554 0

426 554 0

785 554 0

785 554 0

330 560 0

850 562 0

850 562 0

390 564 0

390 564 0

502 565 0

246 567 0

987 571 0

789 582 0

838 596 0

769 599 0

753 600 0

562 602 0

732 605 0

365 609 0

803 609 0

56 628 0

118 631 0

84 631 0

185 631 0

186 640 0

138 641 0

222 645 0

238 648 0

204 651 0

281 654 0

241 657 0

285 663 0

824 665 0

773 666 0

313 668 0

394 671 0

449 681 0

414 683 0

645 8 0

880 12 0

880 12 0

627 14 0

637 24 0

186 27 0

266 64 0

602 65 0

602 65 0

472 72 0

184 76 0

890 79 0

890 79 0

58 81 0

172 88 0

229 95 0

229 95 0

213 98 0

120 116 0

184 115 0

184 115 0

22 118 0

128 130 0

572 141 0

870 144 0

11 147 0

563 153 0

860 154 0

187 157 0

476 158 0

457 161 0

895 169 0

675 174 0

143 179 0

529 183 0

529 183 0

861 182 0

861 182 0

615 187 0

568 187 0

827 189 0

798 190 0

838 195 0

51 197 0

676 198 0

676 198 0

780 201 0

251 204 0

138 207 0

214 208 0

226 212 0

840 215 0

468 215 0

386 222 0

237 223 0

366 224 0

218 225 0

424 226 0

228 233 0

814 232 0

438 236 0

967 237 0

487 241 0

842 245 0

670 246 0

8 249 0

220 247 0

930 251 0

267 260 0

902 263 0

442 266 0

341 267 0

661 272 0

661 272 0

244 274 0

815 273 0

902 275 0

894 286 0

603 287 0

847 294 0

9 299 0

705 301 0

226 305 0

359 306 0

437 308 0

437 308 0

437 308 0

437 308 0

819 309 0

665 316 0

665 316 0

337 317 0

337 317 0

337 317 0

337 317 0

849 322 0

820 324 0

820 324 0

906 324 0

660 329 0

660 329 0

681 335 0

246 336 0

372 336 0

925 337 0

258 337 0

906 339 0

141 339 0

141 339 0

286 342 0

743 352 0

428 359 0

428 359 0

659 365 0

977 364 0

983 366 0

250 370 0

426 370 0

618 373 0

227 376 0

688 379 0

576 380 0

287 382 0

417 385 0

503 383 0

141 392 0

154 392 0

392 392 0

375 393 0

182 396 0

846 397 0

537 400 0

680 403 0

280 409 0

515 410 0

923 411 0

923 411 0

290 416 0

290 416 0

670 417 0

348 422 0

929 422 0

929 422 0

943 424 0

832 430 0

832 430 0

468 442 0

456 443 0

298 446 0

842 451 0

318 451 0

302 458 0

790 460 0

319 462 0

220 465 0

270 464 0

780 469 0

41 470 0

41 470 0

906 471 0

115 483 0

679 483 0

992 491 0

132 491 0

322 499 0

322 499 0

773 503 0

927 506 0

859 509 0

33 510 0

33 510 0

268 510 0

268 510 0

150 513 0

848 514 0

848 514 0

514 517 0

838 517 0

546 521 0

563 521 0

914 521 0

102 523 0

205 522 0

223 522 0

477 521 0

60 524 0

60 524 0

772 528 0

663 530 0

574 534 0

384 537 0

12 543 0

69 543 0

69 543 0

105 546 0

774 545 0

884 548 0

88 550 0

30 554 0

560 556 0

364 559 0

960 558 0

525 563 0

525 563 0

525 563 0

356 568 0

534 568 0

988 571 0

219 578 0

956 589 0

826 603 0

731 604 0

722 609 0

803 609 0

925 627 0

84 631 0

130 630 0

797 666 0

411 672 0

488 684 0

511 689 0

267 6 0

476 12 0

379 14 0

235 17 0

235 17 0

396 20 0

208 28 0

208 28 0

388 38 0

953 42 0

308 46 0

242 48 0

250 63 0

206 71 0

580 96 0

576 113 0

936 113 0

596 122 0

596 122 0

878 130 0

878 130 0

185 136 0

185 136 0

590 136 0

836 136 0

503 155 0

584 156 0

689 161 0

729 161 0

729 161 0

779 162 0

835 162 0

663 165 0

564 168 0

969 167 0

872 170 0

700 172 0

608 175 0

473 181 0

473 181 0

771 179 0

642 181 0

732 188 0

732 188 0

208 191 0

644 201 0

272 202 0

521 204 0

521 204 0

886 203 0

886 203 0

734 211 0

734 211 0

391 212 0

986 216 0

779 218 0

587 232 0

183 240 0

622 248 0

683 253 0

989 253 0

659 255 0

634 262 0

673 268 0

673 268 0

844 271 0

625 284 0

651 286 0

651 286 0

171 296 0

603 299 0

668 298 0

668 298 0

689 297 0

74 301 0

258 300 0

638 300 0

742 300 0

742 300 0

983 301 0

286 305 0

652 307 0

39 309 0

627 310 0

677 309 0

594 313 0

796 315 0

679 321 0

26 324 0

628 330 0

628 330 0

745 338 0

745 338 0

78 348 0

459 357 0

939 355 0

885 365 0

606 366 0

927 370 0

145 372 0

145 372 0

412 372 0

474 372 0

588 372 0

850 372 0

12 374 0

215 385 0

529 391 0

811 393 0

70 393 0

94 396 0

986 395 0

640 399 0

640 399 0

887 398 0

897 408 0

897 408 0

65 414 0

985 423 0

846 424 0

947 430 0

243 436 0

317 438 0

106 439 0

106 439 0

855 446 0

128 456 0

113 461 0

835 462 0

977 464 0

486 477 0

592 476 0

592 476 0

790 476 0

166 481 0

466 480 0

877 482 0

144 484 0

268 485 0

217 488 0

292 489 0

91 491 0

544 493 0

239 494 0

463 495 0

305 501 0

384 500 0

850 499 0

885 503 0

885 503 0

111 503 0

141 503 0

900 513 0

465 514 0

575 516 0

575 516 0

287 518 0

335 527 0

714 528 0

527 535 0

796 535 0

889 535 0

889 535 0

305 537 0

839 542 0

900 553 0

271 554 0

491 559 0

479 572 0

989 591 0

694 595 0

806 598 0

545 606 0

818 611 0

734 615 0

773 621 0

773 621 0

742 626 0

203 640 0

841 640 0

512 1 0

188 11 0

942 23 0

976 22 0

957 28 0

957 28 0

247 31 0

173 36 0

347 45 0

231 65 0

750 72 0

619 80 0

27 103 0

836 120 0

491 129 0

764 132 0

465 134 0

962 133 0

547 148 0

769 148 0

880 157 0

714 162 0

834 163 0

631 171 0

847 171 0

983 174 0

607 175 0

236 178 0

322 180 0

191 186 0

250 191 0

700 193 0

874 194 0

439 206 0

160 208 0

599 217 0

867 221 0

23 231 0

23 231 0

567 240 0

826 241 0

645 243 0

972 255 0

532 256 0

123 270 0

123 270 0

982 273 0

292 277 0

93 279 0

93 279 0

830 280 0

204 285 0

590 286 0

188 294 0

535 297 0

983 300 0

322 302 0

678 317 0

985 330 0

979 350 0

979 350 0

617 354 0

285 363 0

562 371 0

941 371 0

941 371 0

266 380 0

165 382 0

633 382 0

298 392 0

7 395 0

571 403 0

470 407 0

804 409 0

117 412 0

99 417 0

820 418 0

983 424 0

448 430 0

297 432 0

912 431 0

587 439 0

204 456 0

582 459 0

201 479 0

348 484 0

838 484 0

861 485 0

861 485 0

522 499 0

230 505 0

230 505 0

306 506 0

649 510 0

649 510 0

592 526 0

592 526 0

948 531 0

988 533 0

988 533 0

433 537 0

287 541 0

556 543 0

587 545 0

975 550 0

290 561 0

237 561 0

206 564 0

505 570 0

763 609 0

718 638 0

319 655 0

152 10 0

252 28 0

174 35 0

972 47 0

408 50 0

977 118 0

793 147 0

422 162 0

581 179 0

169 192 0

520 193 0

520 193 0

848 203 0

389 207 0

93 251 0

772 264 0

350 268 0

350 268 0

981 275 0

451 289 0

491 286 0

910 299 0

324 346 0

324 346 0

209 355 0

494 357 0

889 356 0

343 367 0

811 372 0

673 385 0

673 385 0

298 392 0

949 392 0

949 392 0

853 402 0

328 420 0

910 438 0

485 445 0

485 445 0

36 451 0

604 453 0

382 461 0

232 470 0

232 470 0

303 469 0

419 482 0

419 482 0

904 497 0

504 515 0

553 514 0

337 520 0

878 522 0

593 526 0

593 526 0

490 536 0

394 541 0

837 540 0

837 540 0

347 544 0

236 561 0

625 596 0

839 622 0

571 628 0

918 49 0

642 86 0

237 89 0

672 144 0

448 176 0

51 222 0

712 230 0

287 236 0

414 261 0

152 275 0

780 317 0

814 321 0

814 321 0

420 332 0

459 331 0

459 331 0

357 342 0

616 420 0

884 433 0

431 443 0

445 481 0

976 489 0

220 504 0

406 515 0

371 521 0

970 524 0

216 542 0

822 570 0

483 594 0

765 95 0

122 104 0

727 103 0

691 109 0

416 133 0

728 143 0

685 193 0

203 220 0

805 273 0

539 276 0

539 276 0

712 318 0

181 378 0

994 380 0

454 390 0

205 442 0

667 485 0

703 500 0

617 510 0

617 510 0

680 524 0

556 534 0

872 78 0

816 150 0

948 170 0

468 188 0

810 222 0

345 288 0

386 312 0

386 312 0

925 358 0

390 364 0

390 364 0

181 377 0

382 422 0

647 431 0

689 439 0

804 458 0

575 492 0

575 492 0

377 246 0

150 271 0

225 337 0

654 382 0

334 392 0

538 447 0

285 459 0

285 459 0

931 486 0

509 493 0

21 550 0

576 216 0

274 86 0

210 234 0

243 377 0

421 96 0

667 278 0

851 285 0

208 159 0

350 228 0

864 544 0

306 509 0

213 470 0

576 483 0

751 271 0

751 271 0

